0.0
0.008165480920086666
1.1506011545899203e-110
0.0012680555777601352
1.3366741282893558e-261
0.01017777013819846
0.0038944835047540934
0.0090601822954456
0.019664815447131404
0.00507070436266572
0.0033957792250866045
0.004044720505779294
3.948694951361449e-110
1.1506011545899203e-110
1.707077695055821e-109
0.00028247031414749567
0.011544835706215638
2.428192340695794e-05
1.3366741282893558e-261
1.2880814837599688e-110
0.0006322483493115971
0.001730753972469579
2.015729703480698e-110
2.428192340695794e-05
0.023900322721903216
0.0003019258683056157
0.0003696023618644499
0.003822378832699102
2.428192340695794e-05
2.428192340695794e-05
4.9987108533568686e-110
0.003438768894918489
7.413470788003363e-111
0.0032760360892568736
0.00028247031414749567
0.0027984623711397316
0.004044720505779294
1.183685034350403e-110
1.3366741282893558e-261
0.004207572433703504
0.014095081242857842
0.0002966699922689115
0.04312649365603558
0.004524974312053146
5.751859953507423e-110
0.0033417306603957145
0.005145499734126473
0.003143377400687717
0.00028247031414749567
0.00507070436266572
0.0
0.004143924982262831
5.239003628642778e-05
0.0003016072137492771
0.004816155309458481
0.0010686955506221641
0.004721119540948843
0.00039282835621642226
0.00507070436266572
0.0003019258683056157
2.5263755353177702e-110
0.27302083569923047
0.004207572433703504
1.699451528457174e-110
0.00028247031414749567
0.0010686955506221641
1.0636153464898971e-110
0.027520999009363296
0.015686500332983775
1.3366741282893558e-261
3.210710118227417e-281
4.098401033203346e-110
0.0024793617807727236
0.010879924197812101
5.5475325635556726e-06
7.853474477114163e-111
1.0636153464898971e-110
0.2716949476066732
0.020541560604075255
0.0066732580291853
0.01829897977374959
0.00028247031414749567
2.082671329722648e-110
2.1858312020860416e-109
0.0037526766373282374
0.007913603892066705
4.7224280911840774e-06
0.006411906671400699
0.0003673317557789521
1.2535610170956017e-110
0.010422208167338532
0.0032760360892568736
0.0003019258683056157
0.00030851699978092027
0.031145417890635095
0.0003696023618644499
0.0017389899792369754
7.665315117352117e-05
0.007008109693332816
5.5475325635556726e-06
0.009443682785476306
0.0034251071114728008
2.4921645888141704e-110
0.0033797344266927954
0.00033899235622551733
0.0065584899609388144
1.2535610170956017e-110
0.00030994331889167443
0.00498732153447391
0.0039745691312048
1.1506011545899203e-110
0.0010686955506221641
3.210710118227417e-281
0.0005139130676506798
0.0032760360892568736
0.0002966699922689115
0.00223577480654969
4.098401033203346e-110
0.0039745691312048
4.1846296406570445e-110
0.0033797344266927954
0.0003019258683056157
0.0002966699922689115
1.3151659753488676e-110
0.00360523812904887
0.003143377400687717
0.0036383139950874953
0.00028247031414749567
0.003477497147759229
2.428192340695794e-05
1.2535610170956017e-110
0.0003011612761673649
0.006572910677567651
0.121907083455121
0.00614810897206285
0.0003556605124929858
0.023116306123933554
4.7224280911840774e-06
0.04182150505230711
0.00507070436266572
0.0035124398285661263
0.030190606860526825
0.007288650911881528
2.082671329722648e-110
2.082671329722648e-110
2.571692852258984e-110
0.00030994331889167443
7.853474477114163e-111
5.5475325635556726e-06
1.3151659753488676e-110
0.01107023720832177
0.0002966699922689115
2.015729703480698e-110
0.005973543162270303
0.00033899235622551733
0.005884658520914903
0.004051040111579094
2.7600952771090585e-110
0.00030994331889167443
0.016536044840819376
0.0010276291447981645
1.4377165097982553e-109
1.3333988007011828e-110
5.957563451115115e-110
7.665315117352117e-05
0.0063193593081978024
0.009575879788460393
1.183685034350403e-110
0.0038897380312472906
1.2382940515578015e-110
0.04094827682011292
5.782123346357116e-110
0.00035832053440143345
0.0023295465036580194
0.0033409262178544265
0.0003611151339370646
5.782123346357116e-110
4.098401033203346e-110
1.1506011545899203e-110
0.21679280992274338
1.2880814837599688e-110
7.853474477114163e-111
9.222227525065956e-111
0.00030994331889167443
0.0034044612714381993
0.007187768258434325
0.008441113484502077
1.3366741282893558e-261
2.1934874424490715e-109
2.8108112879469843e-05
0.0013601659948861001
0.0
0.0014434947674016037
0.00507070436266572
0.00028247031414749567
0.0031599092530550203
0.0022056523193957345
0.004044720505779294
0.006649851444781087
0.00035357409325054916
7.853474477114163e-111
0.018076326772769002
0.018166381551199765
0.0003019258683056157
0.005434886632864621
0.00035832053440143345
2.0389084648070183e-110
7.853474477114163e-111
0.0026940584644893476
7.510138811811388e-110
0.005434886632864621
2.5869598177967843e-110
0.003469839963067877
0.00507070436266572
0.00033899235622551733
2.4657671299387877e-110
0.00028247031414749567
0.005434886632864621
7.665315117352117e-05
0.04032228265634253
0.0069768909129117
0.00028247031414749567
0.006477410592079903
0.0003611151339370646
0.11317362454536883
2.082671329722648e-110
0.0013613739019826697
0.004547585739891718
1.9373292598167443e-110
0.0
1.2535610170956017e-110
0.005036601849069783
0.0007337683155129711
0.0
0.00030994331889167443
0.0
0.0032324642719607577
0.0039745691312048
2.312882042328694e-110
0.0010103111995202292
0.0003556605124929858
1.3151659753488676e-110
1.3366741282893558e-261
0.00036643655973401905
0.00401103891456319
0.0003713738682328854
1.2535610170956017e-110
0.0003673317557789521
0.004360832126655058
0.01947779865622625
1.3366741282893558e-261
1.3151659753488676e-110
0.003822378832699102
0.02052012025439992
4.6823300341448966e-110
0.0003016072137492771
9.222227525065956e-111
4.3239377100514507e-110
0.005684474715858665
0.005022103519398949
0.0033875138130355412
1.2386035717185685e-110
2.015729703480698e-110
8.265412051063598e-06
4.329971710562948e-110
0.009032042040253204
0.0038897380312472906
0.00033108707314423214
0.0017959371268534874
0.0068910438110295685
3.210710118227417e-281
1.2535610170956017e-110
0.04062637720303061
0.0003556605124929858
2.082671329722648e-110
0.0031599092530550203
0.026943276385163296
0.004524974312053146
1.3333988007011828e-110
7.853474477114163e-111
0.0017536147628968816
7.853474477114163e-111
0.006383690532937252
1.7909900841979312e-109
2.082671329722648e-110
8.265412051063598e-06
2.8108112879469843e-05
4.745473506802783e-06
0.0052478977684050606
0.0038481691801887695
5.5475325635556726e-06
1.3366741282893558e-261
0.0003696023618644499
0.003236913902369041
0.0003713738682328854
1.9690324820618193e-110
0.006913558180079309
0.029589801884407557
4.8904425863087456e-110
0.003371072865828718
0.004143924982262831
0.0006115505326409515
1.3333988007011828e-110
1.3366741282893558e-261
3.2637054205147097e-110
0.0012295128236748422
0.0038944604593384746
0.004530521844616701
0.00804881444629719
0.00030994331889167443
0.0012884807736853632
0.015933842640519388
7.853474477114163e-111
2.015729703480698e-110
4.098401033203346e-110
0.0
0.005145499734126473
1.8363268332523532e-110
0.00498732153447391
7.665315117352117e-05
0.0013385065709284108
2.0763849684845315e-110
7.853474477114163e-111
0.009109042074387752
0.00028247031414749567
0.00035832053440143345
7.413470788003363e-111
3.210710118227417e-281
0.0050222808171162085
0.0
0.022036343303058804
0.0034050633932281036
7.185670126247398e-110
0.0006700794293697495
0.00033899235622551733
0.00507070436266572
0.031074474887353053
2.428192340695794e-05
0.00030994331889167443
0.00030994331889167443
0.003985521710672186
2.015729703480698e-110
0.00036284328545314236
0.0002966699922689115
0.00030994331889167443
0.0005139130676506798
0.0018283186388608555
0.005434886632864621
0.00401103891456319
0.01062301915489158
1.3151659753488676e-110
0.004664597498870822
0.0
0.00507070436266572
0.0006115505326409515
0.0056521225552478545
0.15365891812391544
0.0
0.00145694477062797
0.000939500472259713
0.007391466163792081
0.01411704246570797
1.3366741282893558e-261
0.009959860944917765
7.665315117352117e-05
0.006461880703823512
0.037184777770878266
0.00498732153447391
0.012466198847391361
0.09687149376522228
1.1506011545899203e-110
0.0038369970112980384
0.004669080019604395
0.044193764805720896
1.3366741282893558e-261
0.00028247031414749567
2.6786763386170804e-110
0.00661370120308319
2.015729703480698e-110
2.7716963378961455e-110
1.3366741282893558e-261
0.013548075152927433
0.0003696023618644499
0.005434886632864621
0.003143377400687717
0.12109228967852849
0.044193764805720896
2.4921645888141704e-110
0.0036980952781413717
0.003177779745048934
0.003257015284901383
2.428192340695794e-05
1.0192535457325507e-109
0.2652683104132817
0.006572910677567651
3.166330858070618e-110
0.008301383117352396
1.2535610170956017e-110
2.015729703480698e-110
0.004212544163084454
0.00036036016584330594
0.00036036016584330594
0.003822378832699102
0.00035832053440143345
2.015729703480698e-110
0.004728365357454077
7.853474477114163e-111
1.9373292598167443e-110
0.0003611151339370646
0.045262460356343064
4.8543676676187937e-110
0.0006277570654131436
0.003477497147759229
0.00030994331889167443
0.043255184629561697
0.0032760360892568736
0.0012295128236748422
0.0003713738682328854
0.0012884807736853632
0.0039745691312048
0.0022989241268629584
7.665315117352117e-05
0.0003019258683056157
0.014424613510220124
1.2535610170956017e-110
0.0003696023618644499
0.0003011612761673649
2.015729703480698e-110
0.003822378832699102
0.0006322483493115971
0.00035832053440143345
0.005518164626237258
1.2386035717185685e-110
0.003798189980073873
1.1506011545899203e-110
0.007538193537416386
0.00665815477411152
0.007479485784832737
0.01645379359409027
0.005434886632864621
0.0030349440340978044
5.239003628642778e-05
1.1622808877387738e-110
8.203496171800675e-110
0.0
0.00030994331889167443
0.008560171390904769
0.013666978544708991
0.00498732153447391
7.499546398759461e-111
0.003438768894918489
0.004815315035259495
0.003453791950028169
0.006597169350715887
0.0003011612761673649
2.082671329722648e-110
5.782123346357116e-110
2.2473003808403e-110
0.01603220061800124
0.0029105975926524957
0.0003016072137492771
0.028315512399852836
0.015185738016330136
0.0
1.151569778394572e-109
2.8108112879469843e-05
0.008304044427410277
0.04033293980704004
1.3366741282893558e-261
1.3366741282893558e-261
2.2567707689839864e-109
9.721831532013073e-06
0.015686500332983775
7.665315117352117e-05
2.428192340695794e-05
0.0003696023618644499
0.006258208967925289
0.0012884807736853632
0.020615088940274716
7.665315117352117e-05
3.210710118227417e-281
0.0006115505326409515
0.022620200759815516
0.006557514171741729
5.2628384309710863e-110
0.009575879788460393
0.00035357409325054916
0.0002966699922689115
0.00033899235622551733
1.1724774255647944e-109
0.004044720505779294
0.008017335100232718
0.0003556605124929858
0.04030282207204791
0.004044720505779294
0.004524974312053146
0.0026294294797428045
2.8108112879469843e-05
0.003371072865828718
0.0059341715236361494
0.22971333447356532
1.9124425127983157e-109
2.428192340695794e-05
2.428192340695794e-05
0.0033797344266927954
0.1738245166849344
1.3366741282893558e-261
0.004669080019604395
0.0002966699922689115
0.0038897380312472906
0.001730753972469579
2.428192340695794e-05
2.015729703480698e-110
0.0003019258683056157
0.0035590593273328616
0.0038897380312472906
0.0059413060585328985
3.166330858070618e-110
4.098401033203346e-110
1.3366741282893558e-261
0.08916661085206772
0.0003556605124929858
0.006451966444423107
0.0003019258683056157
9.222227525065956e-111
0.00030994331889167443
0.014106430359100497
0.15832252029739685
1.2386035717185685e-110
7.776693552491131e-110
0.007280995859789386
0.005022103519398949
3.8051653188115545e-110
0.004044720505779294
1.3151659753488676e-110
0.003257015284901383
0.0003713738682328854
0.06692055602713977
0.0068266206316332685
0.015503139328734818
2.428192340695794e-05
4.745473506802783e-06
1.3366741282893558e-261
0.00035832053440143345
0.00035832053440143345
2.6485647760500505e-110
1.2386035717185685e-110
0.0003011612761673649
8.203496171800675e-110
4.0285327349670293e-110
1.1506011545899203e-110
0.008263357623730783
7.665315117352117e-05
0.0440393291247829
2.6786763386170804e-110
0.0072548252821627215
0.004839784320687322
1.3366741282893558e-261
0.00257982101122775
0.008165480920086666
0.0002966699922689115
0.0036980952781413717
0.0027410651719898082
0.0
0.0018283186388608555
0.004478812447434806
6.774239473864108e-111
1.3366741282893558e-261
0.0010403253347015557
0.0003611151339370646
0.005222059310170464
0.007913603892066705
0.0003011612761673649
0.0017389899792369754
0.004390032467804611
0.0034251071114728008
2.082671329722648e-110
0.03992884419382759
0.00145694477062797
0.011554985989087345
0.015567707901465003
5.782123346357116e-110
6.774239473864108e-111
0.00033108707314423214
0.006503930256614809
0.003371072865828718
2.695133934265847e-110
0.0013858245153084852
0.00033108707314423214
2.082671329722648e-110
2.7358107636866327e-109
0.005434886632864621
0.00498732153447391
0.032115556510425636
0.00028054121854871047
0.004689781453418938
0.0003696023618644499
0.02804014007173129
5.249002187793266e-110
0.00401103891456319
0.008118494113467632
4.028223214806263e-110
0.0003019258683056157
1.2382940515578015e-110
9.141040807457576e-111
0.020388686479833374
0.0
0.0003016072137492771
0.020860026562686537
0.008165480920086666
0.007100769779792898
2.015729703480698e-110
0.00035832053440143345
3.210710118227417e-281
0.0001536977034754106
0.0039745691312048
0.0003696023618644499
0.0003696023618644499
0.0003085079822466213
0.0007337683155129711
0.007455549412450593
0.015567707901465003
1.2386035717185685e-110
3.210710118227417e-281
0.00033899235622551733
0.00030994331889167443
0.00028247031414749567
0.0003556605124929858
0.002012857737815655
0.0004611813757723304
1.3333988007011828e-110
3.210710118227417e-281
2.428192340695794e-05
1.3366741282893558e-261
0.017893609611327386
1.1506011545899203e-110
1.2386035717185685e-110
7.665315117352117e-05
0.0003696023618644499
0.024686816726091593
0.026714172253193193
0.00798896294039487
5.5475325635556726e-06
5.239003628642778e-05
7.665315117352117e-05
1.2535610170956017e-110
0.003078883767850396
0.0022918267821823318
0.014424613510220124
1.8382217597297602e-109
1.2386035717185685e-110
0.00033899235622551733
3.166330858070618e-110
0.002577427184683655
0.0003011612761673649
0.0039745691312048
0.0010103111995202292
1.6488148232154412e-109
0.010319292869255146
0.004691958336110227
0.004044720505779294
0.032153021257659134
0.0002966699922689115
2.470635925788642e-05
3.210710118227417e-281
0.0033957792250866045
0.0010036222175444824
0.0003019258683056157
0.003078883767850396
0.001827329096767628
3.210710118227417e-281
1.183685034350403e-110
0.0039745691312048
2.082671329722648e-110
0.004879815348366912
0.004044720505779294
2.586281473128299e-110
0.004116034177221316
0.0
0.0013106718375226767
5.782123346357116e-110
0.000801194681960544
0.032051133331029345
0.006408568845085922
0.00035357409325054916
0.011584490885189796
0.011560232212041562
2.8108112879469843e-05
0.0012913402375423868
0.004051040111579094
0.0003556605124929858
2.8108112879469843e-05
5.5475325635556726e-06
0.00030994331889167443
0.0168815958382649
0.0002966699922689115
2.6786763386170804e-110
0.011584490885189796
0.004116034177221316
0.010232774471425283
2.8108112879469843e-05
1.2535610170956017e-110
0.00498732153447391
1.0636153464898971e-110
3.210710118227417e-281
0.003453791950028169
5.696101169271306e-110
5.239003628642778e-05
0.004207572433703504
0.0003019258683056157
2.082671329722648e-110
0.0035124398285661263
2.8108112879469843e-05
0.00036036016584330594
7.853474477114163e-111
0.0006322483493115971
1.3366741282893558e-261
9.785356523968219e-110
2.015729703480698e-110
0.0
0.00035832053440143345
0.0029330876971766407
5.239003628642778e-05
0.010879924197812101
0.006359109152681792
2.428192340695794e-05
0.010297236469537558
0.00036643655973401905
0.0003673317557789521
4.098401033203346e-110
0.004444719441232206
0.0003713738682328854
0.010232774471425283
0.0035124398285661263
0.0031740963635325174
2.082671329722648e-110
7.556258561496759e-110
0.00035832053440143345
0.00507070436266572
0.0034688844508344984
0.01411704246570797
0.0003696023618644499
1.1506011545899203e-110
0.0033417306603957145
4.775824980589757e-110
0.0018200693480958864
0.0009057381240666877
0.006931605034141143
0.00507070436266572
2.4774468630876416e-110
0.0006322483493115971
7.413470788003363e-111
2.586281473128299e-110
2.082671329722648e-110
0.003371072865828718
1.3366741282893558e-261
3.210710118227417e-281
1.3333988007011828e-110
2.8108112879469843e-05
4.745473506802783e-06
0.27506602047250195
9.141040807457576e-111
0.0033140615828784865
0.0
0.0020683873880829634
0.005145499734126473
0.0031599092530550203
0.00030994331889167443
2.6786763386170804e-110
7.665315117352117e-05
0.0033875138130355412
0.0003782603649227983
0.0003016072137492771
0.0022219785734651325
6.539922291295284e-110
0.009443682785476306
0.00035357409325054916
1.3366741282893558e-261
1.3151659753488676e-110
0.00409334629541007
0.003584544071503495
0.0036383139950874953
1.4565303625472784e-110
0.0
1.237517223251436e-109
0.0003016072137492771
1.3366741282893558e-261
0.00028247031414749567
0.0001536977034754106
7.603922726534313e-110
0.0003696023618644499
0.0
0.0156937235175573
2.8108112879469843e-05
1.2386035717185685e-110
0.004524974312053146
0.018076326772769002
0.0001536977034754106
0.002368637189902377
0.003477497147759229
0.004116034177221316
7.665315117352117e-05
0.00498732153447391
4.1846296406570445e-110
0.00401103891456319
0.00030994331889167443
0.0003673317557789521
6.640043534058917e-110
1.3366741282893558e-261
1.3366741282893558e-261
2.428192340695794e-05
0.006487456229920983
1.2382940515578015e-110
0.005145499734126473
0.017872015976820213
3.210710118227417e-281
0.0
1.2535610170956017e-110
0.18149140129559033
0.0029330876971766407
0.00010899374725356872
5.782123346357116e-110
0.00036643655973401905
7.853474477114163e-111
0.00028247031414749567
3.210710118227417e-281
0.0016961751638336015
3.210710118227417e-281
0.005434886632864621
7.665315117352117e-05
1.2535610170956017e-110
0.0003556605124929858
0.004669080019604395
0.0003556605124929858
0.014514388756486144
0.0003696023618644499
0.0003011612761673649
0.00033108707314423214
0.0039745691312048
1.2535610170956017e-110
0.00033108707314423214
1.3151659753488676e-110
3.210710118227417e-281
0.0007239584193902069
5.2628384309710863e-110
0.008612666377913556
0.008321040738163756
0.040047754228366476
1.6721773923825417e-110
0.0012900168006102647
0.005671862329712669
1.3366741282893558e-261
0.0007089015004851183
0.0
0.0021673109950863727
0.021174301377893914
0.00498732153447391
0.00035832053440143345
0.0
2.428192340695794e-05
0.0013613739019826697
0.00401103891456319
0.2589880774702744
3.210710118227417e-281
0.003929021948217415
5.782123346357116e-110
0.024528638526439033
1.2386035717185685e-110
0.003177779745048934
0.006678291102872193
8.190542591857312e-110
0.009272032014131773
0.0
0.006477410592079903
0.0002966699922689115
0.003589073462514188
0.0003713738682328854
1.1506011545899203e-110
0.007867099338478395
0.0006115505326409515
8.23368250888317e-110
6.567470794068532e-110
7.853474477114163e-111
0.0003134274694630529
0.0018611052660450777
0.0
0.00028247031414749567
1.2535610170956017e-110
0.00030994331889167443
0.0023130343221301314
0.00033899235622551733
0.004616263124662008
1.0636153464898971e-110
0.00030994331889167443
0.003177779745048934
0.0070724356235451254
0.02155625691181701
0.0003713738682328854
2.6786763386170804e-110
0.002779315313938531
0.0
5.239003628642778e-05
0.0006115505326409515
5.61769953878869e-110
0.010002785481726409
0.0003011612761673649
2.082671329722648e-110
0.0
0.00591550853953115
7.853474477114163e-111
1.2535610170956017e-110
0.001599667763897401
0.0003016072137492771
0.00507070436266572
6.921179580175807e-110
5.239003628642778e-05
0.011544835706215638
0.00033899235622551733
3.7548487221051896e-110
0.005481491610411307
5.782123346357116e-110
0.003014092386272852
0.0034044612714381993
7.665315117352117e-05
1.9373292598167443e-110
0.00028247031414749567
5.239003628642778e-05
0.0
0.018727617154520024
0.012276751611155106
0.11823720241254262
0.00030994331889167443
0.0
0.0034967132965638
9.721831532013073e-06
0.03196537990456225
2.400884459457342e-110
0.004524974312053146
0.022000273679117003
0.00030994331889167443
0.0
5.5475325635556726e-06
0.004143924982262831
0.00507070436266572
0.00415983090410727
0.04265502377174663
0.00036643655973401905
0.004390032467804611
0.0007239584193902069
1.3366741282893558e-261
0.0009057381240666877
0.0033409262178544265
0.006572910677567651
3.210710118227417e-281
0.030327968736911938
0.00035357409325054916
0.00030994331889167443
0.003257015284901383
0.0003696023618644499
0.00035832053440143345
0.0006115505326409515
2.015729703480698e-110
1.3151659753488676e-110
0.0031599092530550203
0.0035124398285661263
0.0038897380312472906
0.0003019258683056157
0.003078883767850396
0.045228687035931456
2.8108112879469843e-05
1.2535610170956017e-110
1.1506011545899203e-110
1.3366741282893558e-261
0.0
0.00035832053440143345
0.0006322483493115971
0.0033417306603957145
2.082671329722648e-110
5.782123346357116e-110
1.1506011545899203e-110
0.0002966699922689115
1.3151659753488676e-110
7.413470788003363e-111
0.0034050633932281036
3.210710118227417e-281
0.0003016072137492771
0.004669080019604395
0.003078883767850396
5.5475325635556726e-06
0.0039745691312048
0.00028247031414749567
1.2880814837599688e-110
0.0016154914047417728
6.291745484302268e-110
0.000347768689416785
0.0162341552996451
0.00028247031414749567
0.00030994331889167443
0.001599667763897401
7.853474477114163e-111
0.0015556160062275366
0.0003011612761673649
0.02324296458711425
0.00507070436266572
0.00035832053440143345
0.005854612782990802
3.0879304144066646e-110
3.210710118227417e-281
0.0041719030285938714
1.3366741282893558e-261
5.5475325635556726e-06
0.00030994331889167443
0.0003611151339370646
1.0636153464898971e-110
1.2535610170956017e-110
0.006734487403261814
0.013337952326583323
2.428192340695794e-05
0.019364020988162027
0.004212544163084454
0.044193764805720896
2.015729703480698e-110
0.002021029503877099
0.0032760360892568736
0.0024589486876796327
0.0034532152243522706
1.1622808877387738e-110
3.210710118227417e-281
0.003078883767850396
0.0003556605124929858
0.014106430359100497
0.007257154605474234
0.0068910438110295685
0.003143377400687717
0.0002966699922689115
0.00010899374725356872
0.013211642705839
0.004616263124662008
1.2386035717185685e-110
0.003929021948217415
1.2535610170956017e-110
1.1506011545899203e-110
0.0027410651719898082
0.00036643655973401905
5.782123346357116e-110
0.0003696023618644499
2.428192340695794e-05
7.665315117352117e-05
0.008560171390904769
2.428192340695794e-05
6.326453777460984e-110
0.2225396388717624
0.003453791950028169
0.005434886632864621
1.0636153464898971e-110
0.00507070436266572
0.004143924982262831
0.005789203334425811
0.00035832053440143345
0.003371072865828718
0.0003011612761673649
2.428192340695794e-05
0.0003011612761673649
0.0
0.0003673317557789521
0.0003713738682328854
0.0003673317557789521
4.745473506802783e-06
2.015729703480698e-110
2.2567707689839864e-109
0.05346848560773843
2.082671329722648e-110
0.0010686955506221641
0.004028553091472777
0.0003611151339370646
1.1506011545899203e-110
7.853474477114163e-111
2.4921645888141704e-110
3.766393642876417e-110
3.210710118227417e-281
0.0017959371268534874
2.428192340695794e-05
0.0003696023618644499
0.042700371513901506
0.0003019258683056157
0.0018200693480958864
2.082671329722648e-110
0.007913603892066705
0.10442224273164775
2.8108112879469843e-05
0.008441113484502077
5.782123346357116e-110
0.015404898509865246
0.013333420816723595
0.003453791950028169
0.0010276291447981645
0.00145694477062797
0.005434886632864621
0.007241343191603619
0.0010732115856158981
3.210710118227417e-281
4.745473506802783e-06
0.0003556605124929858
0.00035357409325054916
0.0003011612761673649
1.4565303625472784e-110
0.0006125102725795569
0.005022103519398949
5.239003628642778e-05
3.210710118227417e-281
5.239003628642778e-05
9.498878021419272e-110
0.05617985656903122
0.00035832053440143345
1.3366741282893558e-261
0.0035718275196835953
0.00035832053440143345
0.005921308696201274
0.009655939630145802
0.0
0.025847348097160446
0.00415983090410727
0.2551530419069139
0.003929021948217415
0.00030994331889167443
2.082671329722648e-110
0.0003019258683056157
0.0003019258683056157
0.0034967132965638
0.007229178824242024
0.008130698935161627
2.428192340695794e-05
0.0002966699922689115
0.03833085532220192
0.0003673317557789521
1.2386035717185685e-110
0.000347768689416785
0.00028247031414749567
0.0010686955506221641
0.0003696023618644499
5.5475325635556726e-06
0.0035124398285661263
0.003977891112516636
2.082671329722648e-110
0.053501131260550325
1.2535610170956017e-110
0.12720643851479108
0.0
0.014631481760605096
0.0034044612714381993
0.27506602047250195
0.0007239584193902069
1.1506011545899203e-110
2.428192340695794e-05
0.017472081261582645
0.00145694477062797
0.0035124398285661263
5.239003628642778e-05
1.3366741282893558e-261
0.0003673317557789521
2.4921645888141704e-110
0.007267349321201823
0.0026811275099868272
3.210710118227417e-281
0.011584490885189796
0.003371072865828718
0.012626732213686175
0.004116034177221316
0.0003011612761673649
2.428192340695794e-05
0.0031599092530550203
0.0006115505326409515
2.082671329722648e-110
0.004892118316318338
2.428192340695794e-05
0.0
1.0636153464898971e-110
0.00036643655973401905
0.007007128101210705
0.00498732153447391
1.0636153464898971e-110
2.082671329722648e-110
0.004748466250684008
0.052496531197695616
0.0010276291447981645
0.008953759018825233
0.00030994331889167443
2.4921645888141704e-110
5.957563451115115e-110
5.239003628642778e-05
0.003295718508343324
0.003236913902369041
1.2386035717185685e-110
0.023095152984379523
0.003078883767850396
1.2386035717185685e-110
5.239003628642778e-05
0.00030994331889167443
0.15650771836733665
4.745473506802783e-06
0.0020518156753903507
0.012535322749658323
0.0
0.0
0.004044720505779294
2.8108112879469843e-05
0.0
0.0003016072137492771
0.0006125102725795569
0.00030994331889167443
2.428192340695794e-05
0.0033797344266927954
0.001430198768184033
2.428192340695794e-05
0.0034688844508344984
0.004116034177221316
0.00401103891456319
1.2535610170956017e-110
7.853474477114163e-111
0.003078883767850396
0.04027819596292099
0.00033899235622551733
0.0006322483493115971
0.0002966699922689115
0.009477145250336674
0.0013613739019826697
0.12351531000493346
2.6214802844611517e-110
