0.00012
0.00013
0.00013
0.00013
0.00013
0.00013
0.00017
0.00013
0.00013
0.00021
0.00014
0.00013
0.00015
0.00013
0.00013
0.00013
0.00013
0.00013
0.00013
0.00013
0.00013
0.00014
0.00012
0.00014
0.00013
0.00013
0.00036
0.00012
0.00013
0.00014
0.00013
0.00013
0.00013
0.00013
0.00013
0.00013
0.00013
0.00014
0.00017
0.00013
0.00013
0.00013
0.00013
0.00014
0.00013
0.00013
0.00013
0.00013
0.00013
0.00013
0.00014
0.00013
0.00013
0.00012
0.00012
0.00014
0.0002
0.00013
0.00012
0.00014
0.00069
0.00013
0.00013
0.00013
0.00013
0.00013
0.00017
0.00013
0.00017
0.00014
0.00013
0.00012
0.00013
0.00015
0.00013
0.00013
0.00013
0.00014
0.00012
0.00013
0.0002
0.0002
0.00012
0.00013
0.00019
0.00013
0.00013
0.00013
0.00013
0.00013
0.00013
0.00013
0.00014
0.00012
0.00012
0.00035
0.00013
0.00013
0.00012
0.00013
0.00025
0.00013
0.00013
0.00013
0.00013
0.00014
0.00014
0.00013
0.00013
0.00014
0.00013
0.00019
0.00019
0.00013
0.00014
0.00013
0.00014
0.00013
0.00013
0.00013
0.00013
0.00013
0.00013
0.00013
0.00013
0.00013
0.00013
0.00015
0.00018
0.00013
0.00013
0.00013
0.00013
0.00016
0.00013
0.00013
0.00018
0.00016
0.00013
0.00052
0.00013
0.00013
0.00012
0.00013
0.00013
0.00013
0.00013
0.00017
0.00013
0.00012
0.00013
0.00032
0.00013
0.00013
0.00013
0.00013
0.00013
0.00012
0.00012
0.00013
0.00014
0.00015
0.00012
0.00021
0.00013
0.00027
0.00013
0.00014
0.00014
0.00013
0.00056
0.00013
0.00013
0.00012
0.00014
0.00014
0.00014
0.00013
0.00013
0.00013
0.00013
0.00013
0.00017
0.00014
0.00013
0.00013
0.00014
0.00013
0.00013
0.00013
0.00017
0.00012
0.00013
0.00013
0.00012
0.00016
0.00012
0.00015
0.00013
0.00013
0.00017
0.00013
0.00013
0.00013
0.00012
0.00015
0.00018
0.00013
0.00013
0.00013
0.00013
0.00014
0.00013
0.00013
0.00013
0.00014
0.00013
0.00014
0.00013
0.00013
0.00013
0.00013
0.00032
0.00013
0.00014
0.00014
0.00013
0.00013
0.00013
0.00015
0.00013
0.00013
0.00013
0.00013
0.00013
0.00013
0.00013
0.00012
0.00013
0.00013
0.00012
0.00013
0.00013
0.00013
0.00013
0.00013
0.00013
0.00013
0.00019
0.00013
0.00013
0.00013
0.00013
0.00013
0.00038
0.00013
0.00013
0.00013
0.00013
0.00013
0.00013
0.00013
0.00013
0.00014
0.00012
0.00013
0.00013
0.00014
0.00029
0.00016
0.00013
0.00015
0.00016
0.00016
0.00013
0.00013
0.00014
0.00028
0.00017
0.00012
0.00012
0.00013
0.00013
0.00013
0.00013
0.00021
0.00013
0.00014
0.00013
0.00012
0.00016
0.00013
0.00022
0.00019
0.00013
0.00013
0.00013
0.00015
0.00013
0.00017
0.00013
0.00014
0.00014
0.00016
0.00013
0.00013
0.00013
0.00014
0.00013
0.00018
0.00013
0.00013
0.00014
0.00013
0.00013
0.00013
0.00013
0.00013
0.00012
0.00041
0.00013
0.00013
0.00013
0.00013
0.00013
0.00017
0.00013
0.00013
0.00021
0.00013
0.00013
0.00013
0.00013
0.00013
0.00013
0.00013
0.00013
0.00013
0.00013
0.00016
0.00013
0.00013
0.00013
0.00013
0.00015
0.00016
0.00013
0.00013
0.00013
0.00014
0.00013
0.00014
0.00013
0.00014
0.00013
0.00013
0.00013
0.00013
0.00013
0.00013
0.00013
0.00013
0.00014
0.00014
0.00033
0.00013
0.00013
0.00017
0.00013
0.00034
0.00012
0.00013
0.00015
0.00013
0.00012
0.00013
0.00013
0.00016
0.00013
0.00014
0.00013
0.00014
0.00017
0.00013
0.00013
0.00012
0.00013
0.00013
0.00013
0.00013
0.00013
0.00013
0.00013
0.00013
0.00013
0.00017
0.00016
0.00014
0.00013
0.00013
0.00013
0.00023
0.00014
0.00013
0.00013
0.00013
0.00018
0.00013
0.00013
0.00016
0.00013
0.00012
0.00015
0.00013
0.00013
0.00013
0.00013
0.00014
0.00012
0.00013
0.00013
0.00013
0.00033
0.00013
0.00012
0.00013
0.00015
0.00013
0.00013
0.00013
0.00013
0.00015
0.00013
0.00016
0.00018
0.00012
0.00015
0.00013
0.00014
0.00016
0.00012
0.00015
0.00013
0.00013
0.00012
0.00014
0.00013
0.00013
0.00013
0.00028
0.00014
0.00013
0.00012
0.00014
0.00013
0.00013
0.00013
0.00013
0.00015
0.00013
0.00017
0.00014
0.00014
0.00014
0.00013
0.00013
0.00014
0.00013
0.00012
0.00013
0.00013
0.00013
0.00013
0.00013
0.00013
0.00014
0.00014
0.00013
0.00013
0.00016
0.00013
0.00013
0.00013
0.00013
0.00021
0.00013
0.00014
0.00023
0.00013
0.00015
0.00013
0.00013
0.00013
0.00016
0.00012
0.00013
0.00014
0.00013
0.00014
0.00012
0.00013
0.00013
0.00013
0.00012
0.00014
0.00013
0.00013
0.00013
0.00013
0.00013
0.00021
0.00013
0.00013
0.00013
0.00016
0.00031
0.00024
0.00014
0.00014
0.00014
0.00018
0.0002
0.00013
0.00013
0.00014
0.00017
0.00031
0.00013
0.00015
0.00013
0.00033
0.00013
0.00016
0.00014
0.00036
0.00013
0.00013
0.00014
0.00013
0.00012
0.00013
0.00013
0.00013
0.00013
0.00012
0.00013
0.00013
0.00028
0.00036
0.00013
0.00014
0.00013
0.00013
0.00013
0.00012
0.00015
0.00054
0.00014
0.00013
0.00013
0.00013
0.00012
0.00013
0.00014
0.00013
0.00013
0.00013
0.00013
0.00013
0.00012
0.00013
0.00013
0.00013
0.00013
0.0002
0.00037
0.00013
0.00013
0.00013
0.00013
0.00035
0.00014
0.00013
0.00013
0.00013
0.00013
0.00013
0.00015
0.00014
0.00013
0.00014
0.00013
0.00012
0.00013
0.00012
0.00013
0.00035
0.00013
0.00013
0.00015
0.00013
0.00015
0.00013
0.00013
0.00017
0.00017
0.00022
0.00013
0.00013
0.00015
0.00013
0.00013
0.00014
0.00015
0.00013
0.0002
0.00013
0.00013
0.00014
0.00013
0.00013
0.00016
0.00013
0.00013
0.00013
0.00012
0.00013
0.00013
0.00014
0.00013
0.00016
0.00013
0.00016
0.00021
0.00014
0.00016
0.00013
0.0002
0.00034
0.00013
0.00013
0.00013
0.0002
0.00017
0.00014
0.00014
0.00012
0.00012
0.00016
0.00013
0.00022
0.00013
0.00014
0.00013
0.00013
0.00015
0.00013
0.00013
0.00013
0.00013
0.00013
0.00013
0.00013
0.00016
0.00013
0.00024
0.00013
0.00033
0.00013
0.00013
0.00013
0.00013
0.00014
0.00013
0.00013
0.00016
0.00048
0.00019
0.00012
0.00012
0.00013
0.00034
0.00013
0.00014
0.00013
0.00025
0.00013
0.00014
0.00012
0.00012
0.00013
0.00015
0.00013
0.00016
0.00013
0.00013
0.00013
0.00013
0.00024
0.00013
0.00017
0.00013
0.00013
0.00013
0.00014
0.00034
0.00013
0.00013
0.00014
0.00019
0.00013
0.00013
0.00013
0.00013
0.00013
0.00013
0.00025
0.00014
0.00013
0.00014
0.00012
0.00014
0.00013
0.00013
0.00013
0.00013
0.00013
0.00013
0.00014
0.00013
0.00013
0.00013
0.00014
0.00014
0.00036
0.00014
0.00017
0.00013
0.00013
0.00014
0.00013
0.00013
0.00013
0.00014
0.00014
0.00015
0.00014
0.00021
0.00013
0.00013
0.00014
0.0002
0.00013
0.00013
0.00013
0.00013
0.00014
0.0002
0.00013
0.00012
0.00033
0.00014
0.00013
0.00014
0.00013
0.00013
0.00013
0.00013
0.00016
0.00014
0.00013
0.00013
0.00013
0.00013
0.00012
0.00024
0.00013
0.00013
0.00016
0.00013
0.00013
0.00012
0.00016
0.00013
0.00019
0.00013
0.00013
0.00013
0.00013
0.00013
0.00013
0.00013
0.00015
0.00014
0.00013
0.00015
0.00013
0.00013
0.00017
0.00012
0.00013
0.00013
0.00013
0.00013
0.00012
0.00012
0.00012
0.00056
0.00013
0.00013
0.00013
0.00013
0.00013
0.00013
0.00013
0.00013
0.00013
0.00015
0.00014
0.00012
0.00013
0.00013
0.00012
0.00013
0.00023
0.00013
0.00013
0.00014
0.00012
0.00013
0.00015
0.00016
0.00018
0.00013
0.00013
0.00014
0.00013
0.00013
0.00014
0.00014
0.00013
0.00021
0.00013
0.00013
0.00013
0.00018
0.00013
0.00013
0.00013
0.0002
0.00013
0.00013
0.00021
0.00013
0.00016
0.00013
0.00017
0.00013
0.00019
0.00013
0.00013
0.00013
0.00013
0.00014
0.00013
0.00013
0.00013
0.00012
0.00013
0.00013
0.00014
0.00013
0.00014
0.00027
0.00013
0.00013
0.00013
0.00017
0.00017
0.00013
0.00013
0.00015
0.00013
0.00013
0.00014
0.00019
0.00013
0.00013
0.00013
0.00013
0.0002
0.00013
0.00014
0.00013
0.00013
0.00015
0.00013
0.00013
0.00013
0.00013
0.00013
0.00013
0.00013
0.00013
0.00015
0.00013
0.00014
0.00013
0.00013
0.00012
0.00014
0.00013
0.00013
0.00013
0.00013
0.00013
0.00016
0.00012
0.00013
0.00014
0.00013
0.00018
0.00013
0.00013
0.00017
0.00012
0.00014
0.00013
0.00013
0.00014
0.00013
0.00013
0.00013
0.00013
0.00014
0.00015
0.00012
0.00017
0.00013
0.00013
0.00013
0.00013
0.0002
0.00012
0.00013
0.00013
0.00013
0.00013
0.00013
0.00018
0.00013
0.00013
0.00013
0.00013
0.00013
0.00014
0.00012
0.00014
0.00013
0.00013
0.00013
0.00013
0.00013
0.00014
0.00056
0.00013
0.00013
0.00013
0.00013
0.00013
0.00013
0.00013
0.00014
0.00013
0.00014
0.00016
0.00015
0.00013
0.00013
0.00014
0.00013
0.00013
0.00013
0.00013
0.00054
0.00013
0.00014
0.00013
0.00013
0.00013
0.00017
0.00013
0.00013
0.00013
0.00013
0.00016
0.00014
0.00012
0.00015
0.00014
0.00013
0.00013
0.00013
0.00015
0.00013
0.00015
0.00013
0.00016
0.00013
0.00013
0.00014
0.00013
0.00014
0.00013
0.00013
0.00013
0.00014
0.00013
0.00014
0.00013
0.00012
0.00016
0.00013
0.00013
0.00014
0.00013
0.00013
0.00013
0.00036
0.00013
0.00018
0.00013
0.00013
0.00013
0.00013
0.00013
0.00013
0.00013
0.00013
0.00013
0.00012
0.00014
0.00013
0.00013
0.00014
0.00013
0.00014
0.00012
0.00013
0.00013
0.00013
0.00021
0.00013
0.00013
0.00013
0.00013
0.00013
0.00013
0.00013
0.00019
0.00032
0.00013
0.00015
0.00013
0.00016
0.00013
0.00015
0.00014
0.00015
0.00025
0.00013
0.00013
0.00015
0.00013
0.00012
0.00013
0.00013
0.00054
0.00013
0.00013
0.00013
0.00015
0.00013
0.00013
0.00016
0.00016
0.00015
0.00019
0.00013
0.00017
0.00013
0.00016
0.00013
0.00013
0.00013
0.00017
0.00013
0.00017
0.00013
0.00013
0.00013
0.00014
0.00015
0.00013
0.00013
0.00013
0.00013
0.00013
0.00013
0.00013
0.00013
0.00013
0.00013
0.00013
0.00023
0.00013
0.00014
0.00014
0.00013
0.00015
0.00014
0.00013
0.00013
0.00014
0.00013
0.00013
0.00012
0.00018
0.00017
0.00013
0.00013
0.00013
0.00015
0.00013
0.00013
0.00014
0.00013
0.00014
0.00013
0.00014
0.00014
0.00015
0.00013
0.00015
0.00013
0.00014
0.00013
0.00013
0.00013
0.00013
0.00014
0.00013
0.00014
0.00027
0.00013
0.00015
0.00013
0.00017
0.00016
0.00013
0.00013
0.00016
0.00013
0.00013
0.00013
0.00013
0.00013
0.00013
0.00013
0.00034
0.00013
0.0002
0.00013
0.00029
0.00013
0.00013
0.00013
0.00014
0.00013
0.00027
0.00013
0.00013
0.00013
0.00012
0.00012
0.00013
0.00013
0.00012
0.00013
0.00013
0.00014
0.00013
0.00013
0.00013
0.00024
0.00014
0.00013
0.00013
0.00013
0.00013
0.00015
0.00013
0.00013
0.00013
0.00012
0.00013
0.00014
0.00013
0.00013
0.00013
0.00013
0.00013
0.00013
0.00013
0.00014
0.00013
0.00013
0.00017
0.00013
0.00013
0.00013
0.00014
0.00014
0.00013
0.00014
0.00013
0.00013
0.00015
