0.0
1.6378823071713382e-53
4.2261693295245325e-31
7.47180928606133e-23
0.007535464199742441
0.00852302976416521
0.2867008306233854
3.9336897175049976e-36
1.6218254696417185e-31
1.5551940640457897e-32
3.6700711172263737e-31
4.0446833806820583e-19
8.45452547378657e-30
7.47180928606133e-23
7.47180928606133e-23
0.013425858618084839
3.3058205857828994e-36
1.6644830717110006e-28
0.013425858618084839
1.6644830717110006e-28
3.5173254719989593e-44
0.015701282521028502
3.732246623254631e-29
2.2472793903098695e-17
7.553398935811652e-35
3.732246623254631e-29
0.48264668608145295
0.007535464199742441
6.956280912744586e-17
0.013425858618084839
1.969476607524607e-37
4.2261693295245325e-31
0.00705563849284004
8.061394125382928e-30
1.6378823071713382e-53
0.02108782215270124
8.81529419739256e-36
7.47180928606133e-23
0.033722254061453905
0.14462999948651242
0.00705563849284004
5.167262385344543e-19
1.4707439136334158e-19
7.553398935811652e-35
3.6700711172263737e-31
1.6378823071713382e-53
4.513335161780627e-31
0.05103837548580694
0.010920815485786318
1.016699833344671e-16
7.47180928606133e-23
0.008146356230173415
4.2261693295245325e-31
0.00705563849284004
0.19539315353676917
8.940222161052048e-29
2.2472793903098695e-17
0.007535464199742441
0.007535464199742441
2.0041584815441076e-18
6.596298587135983e-31
0.07491138631478558
0.013425858618084839
0.0094757332588856
3.3058205857828994e-36
8.061394125382928e-30
0.007868215339112618
0.007535464199742441
0.06644016021001312
4.2261693295245325e-31
7.626983836159753e-63
7.47180928606133e-23
0.051662700607827385
0.007535464199742441
1.6644830717110006e-28
3.616218430064758e-19
1.606610813872893e-29
7.47180928606133e-23
8.940222161052048e-29
8.940222161052048e-29
0.007480392813836809
6.596298587135983e-31
8.940222161052048e-29
0.034208471846032804
0.007535464199742441
0.013425858618084839
7.47180928606133e-23
0.015253052050619087
0.013425858618084839
0.025270923306698844
1.5551940640457897e-32
0.015140786494931729
0.013425858618084839
4.513335161780627e-31
0.03474665656558444
0.2533796839087665
0.013425858618084839
2.309805195835714e-16
8.183406279007002e-31
3.313316492940739e-37
6.596298587135983e-31
8.940222161052048e-29
1.9177991074232e-16
7.959586379348781e-38
0.036409648557208296
0.011639647449233572
1.5551940640457897e-32
8.061394125382928e-30
7.553398935811652e-35
0.015701282521028502
7.611582664942358e-30
0.0
7.47180928606133e-23
1.0572623930203377e-30
8.81529419739256e-36
2.935757161285888e-37
0.009874615310251985
2.048836180487082e-18
3.6700711172263737e-31
7.47180928606133e-23
7.436777039735344e-40
0.007535464199742441
0.008002727058880398
2.5887646080639304e-19
7.47180928606133e-23
7.47180928606133e-23
0.2951145403397798
0.013425858618084839
0.007535464199742441
3.5173254719989593e-44
0.06258351609361369
3.5907729025408037e-19
4.2261693295245325e-31
2.721780319409279e-35
3.066012714893499e-19
0.013425858618084839
3.3058205857828994e-36
1.6218254696417185e-31
1.8402508996700225e-35
0.02506550606731841
4.513335161780627e-31
1.2398911239688438e-36
9.511787866806907e-30
7.553398935811652e-35
0.0094757332588856
7.47180928606133e-23
4.2261693295245325e-31
0.007535464199742441
7.436777039735344e-40
0.006801744901887145
0.007868215339112618
2.721780319409279e-35
0.010975809757051279
3.6700711172263737e-31
4.513335161780627e-31
1.5551940640457897e-32
3.7407433176914255e-19
7.553398935811652e-35
8.061394125382928e-30
7.553398935811652e-35
8.940222161052048e-29
1.2931053624910423e-16
4.513335161780627e-31
1.2398911239688438e-36
0.0094757332588856
7.47180928606133e-23
0.020710433053334816
0.017259452021758454
0.007535464199742441
0.010920815485786318
7.47180928606133e-23
1.0171417725520506e-29
0.013425858618084839
8.940222161052048e-29
1.2617430189658878e-16
7.553398935811652e-35
9.406712768956755e-17
1.2961719728916844e-30
9.533423413415041e-36
3.6700711172263737e-31
0.009874615310251985
7.553398935811652e-35
8.940222161052048e-29
1.6725073129961513e-29
1.2046218659013053e-18
0.0094757332588856
7.959586379348781e-38
0.008002727058880398
8.940222161052048e-29
8.81529419739256e-36
8.061394125382928e-30
1.5551940640457897e-32
7.553398935811652e-35
1.0229120893981036e-18
0.010920815485786318
0.007535464199742441
3.718388519867672e-40
2.0332600245876774e-18
0.051662700607827385
4.620301038088682e-19
8.940222161052048e-29
0.013425858618084839
3.5173254719989593e-44
0.2548321673266143
0.013425858618084839
0.009874615310251985
0.01112086368775251
3.6700711172263737e-31
1.472544106709634e-18
0.007868215339112618
4.2261693295245325e-31
8.940222161052048e-29
8.061394125382928e-30
5.173580841473841e-36
1.5551940640457897e-32
0.013425858618084839
7.47180928606133e-23
3.6700711172263737e-31
2.721780319409279e-35
0.03820572816139523
7.553398935811652e-35
0.03700271463520425
0.0
7.626983836159753e-63
8.708018286593126e-19
3.5515911114214703e-72
8.061394125382928e-30
0.018020971540425403
7.47180928606133e-23
1.5551940640457897e-32
4.697711246522039e-17
1.4519194907728268e-28
7.47180928606133e-23
4.199911079047396e-29
1.6218254696417185e-31
0.007535464199742441
0.00705563849284004
1.5551940640457897e-32
0.007535464199742441
0.009874615310251985
0.04668700118889357
8.940222161052048e-29
0.00705563849284004
3.6700711172263737e-31
8.940222161052048e-29
8.061394125382928e-30
0.015253052050619087
6.611997073064016e-19
8.061394125382928e-30
1.244491963806261e-28
8.061394125382928e-30
0.21657076698962394
0.0744101852081721
2.001146479853233e-18
8.940222161052048e-29
0.013425858618084839
7.626983836159753e-63
2.1937233440035762e-57
1.6711393010567691e-18
7.626983836159753e-63
7.47180928606133e-23
4.513335161780627e-31
7.553398935811652e-35
2.721780319409279e-35
0.007868215339112618
4.513335161780627e-31
7.47180928606133e-23
2.1937233440035762e-57
7.47180928606133e-23
3.3058205857828994e-36
4.513335161780627e-31
0.023847638751201918
3.5907729025408037e-19
3.3058205857828994e-36
7.553398935811652e-35
3.517325471998962e-44
0.2219454762025916
1.362456838812082e-37
5.983910212808372e-19
1.6644830717110006e-28
3.5907729025408037e-19
7.47180928606133e-23
0.01734394859799822
3.6700711172263737e-31
4.2261693295245325e-31
8.940222161052048e-29
7.47180928606133e-23
4.513335161780627e-31
0.011639647449233572
0.006801744901887145
4.513335161780627e-31
8.940222161052048e-29
4.2261693295245325e-31
1.1461682018330111e-18
1.5551940640457897e-32
7.47180928606133e-23
3.517325471998962e-44
3.3058205857828994e-36
4.513335161780627e-31
1.151978709627495e-19
0.012626691918350934
1.5551940640457897e-32
0.013425858618084839
4.109275130875617e-37
3.6700711172263737e-31
0.007535464199742441
0.007535464199742441
3.6700711172263737e-31
8.940222161052048e-29
4.2261693295245325e-31
4.513335161780627e-31
0.013425858618084839
1.7437209525291485e-16
0.07813581436716047
4.513335161780627e-31
3.3058205857828994e-36
7.553398935811652e-35
4.545711709751743e-36
1.7206556536680187e-18
3.517325471998962e-44
3.6700711172263737e-31
3.718388519867672e-40
7.47180928606133e-23
1.2912584093855377e-28
0.007535464199742441
3.3058205857828994e-36
7.47180928606133e-23
4.199911079047396e-29
4.199911079047396e-29
1.6218254696417185e-31
1.5551940640457897e-32
1.6930711683922132e-16
2.5359748084018104e-37
0.0
1.472544106709634e-18
7.553398935811652e-35
9.74636157359034e-29
7.47180928606133e-23
7.47180928606133e-23
0.05704781380311264
7.553398935811652e-35
1.0822467916660516e-30
7.436777039735344e-40
4.545711709751743e-36
1.5551940640457897e-32
8.940222161052048e-29
0.00705563849284004
4.620301038088682e-19
0.041012471467804665
9.852567498886782e-19
7.611582664942358e-30
0.04151679927277934
0.010920815485786318
8.061394125382928e-30
7.47180928606133e-23
3.3058205857828994e-36
7.47180928606133e-23
1.2398911239688438e-36
1.7617108896161871e-19
1.4707439136334158e-19
8.940222161052048e-29
7.626983836159753e-63
0.008002727058880398
0.02506550606731841
7.47180928606133e-23
0.00705563849284004
0.017886086595192374
1.9733822638099612e-18
7.47180928606133e-23
3.5173254719989593e-44
4.513335161780627e-31
3.358941939422608e-30
0.013425858618084839
4.620301038088682e-19
2.554848381456931e-16
1.5551940640457897e-32
7.47180928606133e-23
1.0298493752339133e-18
3.027070570942211e-18
0.010920815485786318
8.940222161052048e-29
8.940222161052048e-29
0.00852302976416521
2.554848381456931e-16
1.1735179695897288e-37
1.5551940640457897e-32
1.5551940640457897e-32
9.533423413415041e-36
3.796505593109408e-17
8.940222161052048e-29
0.013425858618084839
0.02626223406306144
4.2261693295245325e-31
4.513335161780627e-31
1.3185529625944693e-18
0.013425858618084839
0.013425858618084839
1.010514002900766e-18
0.013425858618084839
2.0850772568047265e-16
2.309805195835714e-16
0.007535464199742441
7.47180928606133e-23
1.5551940640457897e-32
8.251107962468222e-29
8.061394125382928e-30
1.5551940640457897e-32
7.436777039735344e-40
3.517325471998962e-44
2.330120442425943e-16
7.626983836159753e-63
2.5359748084018104e-37
0.015701282521028502
0.007535464199742441
0.0
0.025782954513033817
0.007535464199742441
8.061394125382928e-30
3.517325471998962e-44
0.006801744901887145
0.04379448526871477
0.009874615310251985
4.2261693295245325e-31
0.01757085846729553
1.5551940640457897e-32
8.869085583285186e-36
1.6344923511514849e-16
0.4913507493677622
4.2261693295245325e-31
1.2961719728916844e-30
8.940222161052048e-29
7.436777039735344e-40
3.5173254719989593e-44
7.47180928606133e-23
0.008146356230173415
7.553398935811652e-35
2.2472793903098695e-17
3.5674352738524897e-19
1.7617108896161871e-19
2.1937233440035762e-57
3.6700711172263737e-31
3.517325471998962e-44
0.013425858618084839
8.940222161052048e-29
3.517325471998962e-44
0.013425858618084839
0.0094757332588856
8.45452547378657e-30
3.5173254719989593e-44
0.04379448526871477
7.47180928606133e-23
7.47180928606133e-23
7.105355410664674e-17
0.018020971540425403
1.5551940640457897e-32
3.5173254719989593e-44
0.030835938128079266
3.210717420702123e-17
1.6378823071713382e-53
1.362456838812082e-37
7.47180928606133e-23
5.038179187485905e-19
4.2261693295245325e-31
2.706885299691083e-18
0.013425858618084839
3.530888489690802e-18
3.5173254719989593e-44
7.47180928606133e-23
3.517325471998962e-44
