0.026041716664516983
0.0
0.0
0.0
0.0
0.0
0.09528565758343614
0.14006861153058991
0.11834391528469404
0.0
0.0
0.0
3.833778533331373e-109
0.0
0.0
0.0
0.0
0.0
0.0
0.0
0.0
0.0
0.0
0.0
0.10269692504991212
0.0
0.0
0.0
0.0
0.0
0.0
0.0
0.0
0.0
0.0
0.034339847902309185
0.0
0.0
0.0
0.0
0.04086380206416793
0.0
0.0
0.0
0.0
0.0
0.0
0.0
0.0
0.13915312676783298
0.0
0.0
0.0
0.0
0.0
0.0
0.0
0.0
0.0903781583917608
0.0
0.0
0.08726049012244293
0.007623102077841847
0.0
0.0
0.0
0.0
0.039142123410596655
0.0
0.0
0.0
0.0
0.0
0.0
0.0
0.0
0.0
0.09692484184411901
0.1475307490897695
0.0
0.11914582968261657
0.0
0.0
3.7813556464944205e-109
0.0
0.0
0.0
0.0
0.0
0.0
0.14794303409889709
0.0
0.0
0.0
0.037128520584491675
0.0
0.0
0.010361049277615225
0.0
0.0
0.0
0.0008081624170735687
0.0
0.0
0.0
0.008878342440338433
0.0
0.0
0.0
0.0
0.0
0.0
0.0
0.0
0.0
0.0
0.010302405942750618
0.0
0.0
0.0
0.0
0.0
0.0
0.0
0.0
0.0
0.0
0.0
0.0
0.0
2.651568150241566e-109
0.0
0.0
0.09788482285370502
0.039959062571473705
0.0
0.0
0.0
0.0
0.1384737471556319
0.0
0.0
0.0
0.0
0.0
0.0
0.0
0.0
0.0
0.0
0.0
0.0
0.0
0.014775991141746811
0.0
0.009999020063237957
0.00974668356966715
0.0
0.0
0.0
0.0
0.0
0.0
0.0
0.0
0.004419105191158863
0.0
0.0
0.13594961684098267
0.0
0.15626346516292863
0.0
0.0
0.0
0.0
0.0
0.0
0.0
0.0
0.11183746495524556
0.0
0.0
0.0
0.0
0.14916880891572612
0.0
0.09364546657324747
0.0
3.561223980451418e-109
0.0
0.037103362455748114
0.0
0.0
0.13975972932228525
0.0
0.0
0.0
0.0
0.008590677966407506
0.0
0.0
0.10544401962062247
3.84319573138987e-260
0.0
0.0
0.0
5.795611382085337e-109
0.0
0.038158177614994224
0.0
0.0
4.187805504356761e-109
0.0
0.0
0.0
0.0
0.0
0.0
0.010626780225386212
0.03589951243585885
0.0
0.0
0.0
0.0
0.0
0.0
0.0
0.0
0.0
0.0
2.156264125793969e-109
0.006875467134498049
0.0
0.0
0.0
0.0
0.0
0.0
0.0
0.0
0.0
0.0
0.0
0.0
0.0
0.0
0.0
0.0
0.0
0.1196031555905744
0.0
0.0
0.0
0.037046305487656965
0.0
0.0
0.0
0.0
0.0
0.0
0.0
0.0
0.0
0.0
0.0
0.10990075817794343
0.13557446372299625
0.0
0.0
0.0
0.0
3.403322601259152e-109
0.037614247352761
0.0
0.0
0.0
0.0
0.0
0.0
0.0
0.0
0.0
0.016243317144590458
3.30820007080663e-109
0.0
0.0
0.0
0.0
0.0
0.041252177183491806
0.0
0.0
0.0
0.0
0.0
0.0
0.0
0.0
0.0
0.09605806761427149
0.0
0.0
0.0
0.0
0.0
0.0
0.0
0.0
0.09847843054470959
0.0
0.0
0.09085348100858513
0.0
0.0
0.0
0.0
0.0
0.0
0.0
0.010382756065334547
0.0
0.0
0.0
0.037090469222079175
0.0
0.0
0.0
0.0
0.0
0.0
0.029546318426873816
0.0
0.0
0.0
0.0
0.13254169556473452
0.0
0.0
0.0
0.0
0.0
0.0
0.0
0.0
0.0
0.0
0.0
0.0
0.0
0.0
0.0
0.00852983403949396
0.0
0.0
0.0
0.0
0.0
0.0
0.0
0.0
0.017610850806417486
0.0
0.0
0.0
0.0
0.0
0.0
0.0
0.0
0.0
0.0
0.0
0.0
0.0
0.0
0.0
0.0
0.0
0.0
0.0
0.0
0.09839367701437626
0.0
0.0
0.0
0.14339510600754057
0.030727056740170126
2.628225404245772e-109
0.0
0.0
0.0
0.0
0.0
0.0
0.0
0.0
0.12111876337859998
0.0
0.0
0.0
0.0
0.0
0.0
0.0
0.0
0.0
0.0
0.0
0.0
3.6042295186068386e-109
0.0
0.0
0.0
0.0
0.0
0.0
0.0
0.0
0.0
0.0
0.022385355109689725
0.009519391445502935
0.0
0.0
0.0
0.0
0.0
0.0
0.0
0.0
0.0
0.0
0.0
0.0
0.0
0.0
0.01620199985193576
0.0
9.231410378903296e-280
0.0
0.10460853935484699
0.0
0.0
0.0
0.0
0.0
0.0
0.0
0.11427652257105388
0.0
0.0
0.00887019906629967
0.0
0.0
0.0
0.0
0.0
0.0
0.09717387841208637
0.0
0.0
0.1403040959640292
0.0
0.0
0.0
0.0
0.0
0.0
0.0
0.0
0.0
0.0
0.0
0.010677714447641373
0.0
0.0
0.014411649052489761
0.0
0.0
0.0
0.0
0.0
0.0
0.0
0.0
0.0
0.0
0.0
0.0
0.0
0.0
0.009011643804928771
0.0
0.0
0.0
0.0
0.04116665426654102
0.0
0.14553280104686742
0.0
0.13424504911923368
3.0580991080466634e-109
0.0
0.0
0.0
0.12564621031082196
0.0
0.0
0.0
0.00013577890899303332
0.0
0.0
0.0
0.0
0.0
0.0
0.008870458337789945
0.0
0.0
0.0
0.0
0.0
0.0002795213930933207
0.0
0.0
0.0
0.0
0.0
0.0
0.0
0.0
0.0
0.0
0.0
0.0
0.0
0.0
0.0
0.0
0.09608119688770766
0.0
0.0
0.0
0.0
0.0
0.0
0.0
0.0
0.0
0.0
0.0
0.09479149836571736
0.0
0.035167380205656844
0.0
0.008066100710613285
0.0
0.0
0.04116665426654102
0.0
0.0
0.0
0.0
0.0
0.0
0.0
0.0
0.0
0.0
0.0
0.0
0.0
0.0
0.0
0.0
0.0001595022527688826
0.0
0.035284310588777956
0.0
0.09790213501561316
0.09887123314865343
0.0
0.0
0.0
0.007346688432568561
0.0
0.0
0.0
0.0
0.0
0.0
0.0
0.1372442051713493
0.0
0.0
0.0
0.0
0.0
0.0
0.0
0.0
0.0
0.0
0.0
0.0
0.13272646159747453
0.0
0.0
0.0
0.0
0.014272402982112466
0.0
0.0
0.0
0.0
0.0
0.0
0.0
0.0
0.0
0.0
0.0
0.0
0.0
0.0
0.0
0.0
0.0
0.0
0.0
0.0
0.0
0.0
0.0
0.0
0.0
0.0
0.010561495924367977
0.0
0.0
0.09475825883858034
0.0
0.0
0.0
0.00865896710746982
3.5603340503364683e-109
0.0
0.02597078782086615
0.0
2.2580252694537615e-109
0.0
0.0
0.0
0.010225925186314997
0.0
0.0
0.0
0.0
0.10421923791878837
0.0
0.0
0.12779425008869014
0.0
0.0
0.0
0.0
0.0
0.0
0.0
0.0
0.0
0.0
0.0
0.0
0.0
0.0
0.0
0.0
0.0
0.0
0.0
0.0
0.0
0.0
0.0
0.0
0.0
0.0
0.022341603154001792
0.0
0.0
0.0
0.0
0.0
0.038296529770514814
0.0
0.0
0.0
0.0
0.0
0.0
4.84102614826526e-109
0.0
0.0
0.0
0.0
0.0
0.0
0.0
0.0
0.0
0.0
0.0
0.0
0.0
0.0
0.0
0.0
0.0
0.0
0.0
0.0
0.0
0.0
0.0
0.0
0.0
0.0
0.0
0.0
0.0
0.0
0.0
0.0
0.0
0.0
0.0
0.0
0.09976458624013783
0.0
0.0
0.0
0.0
0.0
0.0
0.0
0.0
0.040533406771014545
0.0
0.0
0.0
0.0
0.0
0.0
0.14190096649997416
0.0
0.0
0.0
0.0
0.0
0.0
0.0
0.0
0.0
0.04076977380441599
0.0
0.0
0.0
0.0
0.0
0.0002376465261093882
0.008911467761119365
0.0
0.0
0.0
0.0
0.0
0.0
0.0
0.0
0.0
0.0
0.0
0.0
0.0
0.0
0.0
0.0
0.0
0.0
0.0
0.0
0.0
0.0
0.0
0.0
0.0
0.0
0.0
0.0
0.0
0.008680950605016379
0.11629350979037606
0.0
0.0
0.0
0.0
2.9135969762777394e-109
0.0
0.0
0.0
0.0
0.0
0.0
0.10053724637018704
0.0
0.0
1.9477244062983348e-109
0.0
0.0
0.0
0.0
0.0
0.0
0.0
0.0
0.0
0.0
0.0
0.010535757312795935
0.0
0.0
0.0
0.0
0.14439515510824585
0.0
0.0
0.0
0.0
3.7034825132764284e-109
0.0
0.0
0.0
0.0
0.0
0.0
0.0
0.039107393753612926
0.0
0.0
0.003133780293400157
0.0
0.008671788672389795
0.0
0.0
0.0
0.15014426946077125
0.0
0.0
0.0
0.0
0.0
0.10098941447445234
0.0
0.0
0.0
0.0
0.0
0.0
0.0
0.0
0.04090812595993658
0.0
0.0
0.0
0.0
0.0
0.0
0.0
0.0
0.0
0.0
0.0
0.0
0.0
0.0
0.0
2.1315157287962675e-109
0.0
0.0
0.0
0.0
0.0
0.0
0.0
0.11769159495705481
0.03984512566653092
0.0
0.0
0.0
0.0
0.0
0.0
0.0
0.11296695327866416
0.0
0.0
0.0
0.0
0.0
0.0
0.0
0.0
0.11313103557537643
0.0
0.0
0.0
0.0
0.0
0.01570287000364652
0.0
0.0
0.0
0.010432443752028123
0.0
0.0
0.0
0.0
0.1153250991295532
0.09973711342190268
0.012353020996865909
0.0
0.0
0.0
0.0
0.0
0.0
0.0
0.0
0.0
0.0
0.0
0.0
0.10365754446026973
0.0
0.03959738448534235
0.0
0.008121565926957244
0.0
0.0
0.0
0.0
0.0
0.0
0.03939814363689731
0.0
0.0
0.0
0.0
0.0
0.0
0.0
0.0
0.0
0.0
0.0
0.0
0.0
0.0
0.0
3.3479819365539117e-109
0.0
0.0
0.0
0.0
0.0
0.0
0.0
0.0
0.0
0.0
0.0
0.0
0.0
0.0
0.0
0.0
0.0
0.0
0.0
0.0
0.0
0.0
0.0
0.0
0.09136729209458812
0.0
0.0
0.0
0.0
0.0
0.0
0.028457486277373
0.0
0.0
0.0
0.0
0.0
0.016288472376806248
0.0
0.0
0.0
0.0
0.0
5.988081458957855e-109
0.0
0.0
0.0
0.08852384215135128
0.0
0.0
0.0
0.0
0.0
0.0
0.0006981520956568936
0.0
0.0
0.0
0.0
0.0
0.0
0.0
0.0
0.0
0.0
0.0
0.0
0.0
0.0
0.0
0.0
0.0
0.0
0.0
0.0
0.0
0.0
0.0
0.0
0.0
0.0022039258271922438
0.0
0.0
0.0
0.0
0.0
0.036459041740036606
0.0
0.0
0.0
0.0
0.0
0.0
0.0
0.0
0.0
0.0
0.0
0.0
0.13010173229721472
0.0
0.0
0.010165936612011667
0.0
0.0
0.0
2.656598020428772e-109
0.0
0.0
0.0
0.0
0.0
0.03838068145617505
0.0
0.0
0.0
0.0
0.0
0.0
0.0
0.0
0.0
0.0
0.0
0.0
0.0
0.0
0.0
0.0
0.0
0.0
0.0
0.0
0.0
0.0
0.0
0.0
0.0
0.0
0.0
0.0
0.0954773420215107
0.0
0.0
0.0
0.0
0.016277832710901986
0.0
0.0
0.00013644150910669948
0.0
0.0
0.0
0.0
0.0
0.0
0.0
0.0
0.0
0.09930317493646858
0.0
0.0
0.017760591737273054
0.0
0.0
0.0
0.0
0.04076977380441599
0.0
0.0
0.0
0.037103362455748114
0.0
0.0
0.0
0.0
0.0
0.0
0.13484025523855553
0.0
0.0
0.0
0.0
0.0
0.0
0.10729355859894546
0.0
0.0
0.0
0.0
0.0
0.029447336633621257
0.0
0.0
0.0004727089182621598
0.0
0.0
0.0
0.0
0.0
0.0
0.0
0.014648450120021927
0.0
0.0
0.0
0.0
0.0
0.0
0.0
0.0
0.013259853372287658
0.0
0.0
0.0
0.0
3.341781554603951e-109
0.0
0.0
0.0
0.0
0.0
0.0
0.0
0.0
0.0
0.0
0.1457925230188812
0.0
0.0
0.0
0.0
0.0
0.0
0.0
0.0
0.0
0.0
0.0
0.0
0.0
0.0
0.0
0.0
0.0
0.0
0.0
0.0
0.0
0.0
0.0
0.0
0.0
0.0
0.0
0.09419235135660282
0.0
