0.00032
0.00032
0.00032
0.00032
0.00032
0.00037
0.00035
0.00036
0.00039
0.00039
0.00036
0.00035
0.00039
0.00039
0.00035
0.00033
0.00033
0.00038
0.00039
0.00033
0.00077
0.00075
0.00033
0.00085
0.00036
0.00036
0.00037
0.00033
0.00033
0.00048
0.00039
0.00034
0.00049
0.00045
0.00052
0.00038
0.00035
0.00033
0.00033
0.00084
0.00033
0.00033
0.00077
0.00094
0.00033
0.00053
0.00045
0.00038
0.00033
0.00036
0.00033
0.00034
0.00036
0.00038
0.00043
0.00034
0.00034
0.00037
0.00034
0.00048
0.00286
0.00034
0.00051
0.00033
0.00045
0.00036
0.00033
0.00034
0.00035
0.00051
0.00036
0.00045
0.00034
0.00036
0.00033
0.00033
0.00036
0.00033
0.00034
0.00036
0.00043
0.00033
0.00033
0.00038
0.00036
0.00034
0.00036
0.00036
0.00035
0.00037
0.00033
0.00056
0.00034
0.00085
0.00033
0.00118
0.00036
0.00033
0.00036
0.00034
0.00033
0.00033
0.00034
0.00205
0.00052
0.00039
0.00034
0.00034
0.00049
0.00033
0.00033
0.00033
0.00037
0.00051
0.00033
0.00051
0.00036
0.00038
0.00038
0.00035
0.00038
0.00282
0.00033
0.00038
0.00033
0.00048
0.00034
0.00036
0.00034
0.00052
0.00037
0.00033
0.00041
0.00091
0.00036
0.00045
0.00037
0.00035
0.00034
0.00034
0.00057
0.00041
0.00041
0.00033
0.00034
0.00034
0.00036
0.0012
0.00033
0.00033
0.00033
0.00071
0.00039
0.00052
0.00033
0.00034
0.00037
0.00034
0.00035
0.0005
0.00034
0.00048
0.00033
0.00046
0.00033
0.00051
0.00052
0.00042
0.00033
0.00033
0.00044
0.00039
0.00033
0.00042
0.00033
0.00033
0.00033
0.00037
0.00033
0.00034
0.0004
0.00033
0.00034
0.0004
0.00145
0.00033
0.00053
0.00036
0.00058
0.00033
0.00049
0.0004
0.00041
0.00035
0.00034
0.00034
0.00035
0.00038
0.00038
0.00038
0.00037
0.00057
0.00034
0.00075
0.00034
0.00033
0.00045
0.00033
0.00034
0.00033
0.00033
0.00156
0.00033
0.00033
0.00036
0.00055
0.00041
0.00034
0.00046
0.00033
0.00037
0.00039
0.00041
0.00035
0.00034
0.00037
0.00041
0.00035
0.00034
0.00034
0.00033
0.00045
0.00038
0.00035
0.00046
0.00034
0.00034
0.00034
0.00034
0.00035
0.00034
0.00035
0.00033
0.00044
0.00034
0.00037
0.00034
0.00033
0.0007
0.00033
0.00041
0.00033
0.00049
0.00033
0.00033
0.00045
0.00035
0.00041
0.00051
0.00034
0.00034
0.00035
0.00033
0.00073
0.00066
0.00034
0.0004
0.00034
0.00033
0.00034
0.00034
0.00035
0.00056
0.00041
0.00033
0.00038
0.00074
0.00046
0.00048
0.00033
0.00036
0.00148
0.00033
0.00034
0.00036
0.00034
0.00084
0.00035
0.00034
0.00034
0.00058
0.00034
0.00033
0.00033
0.00034
0.00046
0.0004
0.00035
0.0004
0.00058
0.00071
0.00034
0.00036
0.00033
0.00034
0.00038
0.00056
0.00033
0.00036
0.00033
0.00036
0.00034
0.00033
0.00034
0.00043
0.00033
0.00036
0.00034
0.00033
0.00037
0.00045
0.00034
0.00047
0.00034
0.00143
0.00061
0.00075
0.00033
0.00033
0.00045
0.00063
0.00048
0.00033
0.00034
0.00035
0.00046
0.00035
0.00034
0.00033
0.00033
0.00037
0.00034
0.0004
0.00041
0.00037
0.00035
0.00036
0.00137
0.00037
0.00051
0.00041
0.00033
0.00037
0.00034
0.00034
0.00033
0.00033
0.00034
0.00035
0.00034
0.00033
0.00034
0.00074
0.00034
0.00033
0.00036
0.00037
0.00034
0.0004
0.00034
0.00033
0.00065
0.00034
0.00033
0.00033
0.00034
0.00033
0.00034
0.00034
0.00046
0.00068
0.00034
0.00037
0.00035
0.00042
0.00071
0.00036
0.00034
0.00038
0.00046
0.00033
0.00037
0.00033
0.00036
0.00036
0.00039
0.00034
0.00047
0.00045
0.00035
0.00036
0.00033
0.00033
0.00054
0.00035
0.00041
0.00045
0.00042
0.00034
0.00036
0.00048
0.00044
0.00067
0.00038
0.00044
0.00041
0.00034
0.00033
0.00037
0.00037
0.00036
0.00037
0.00033
0.00049
0.00034
0.00035
0.00033
0.00036
0.00036
0.00033
0.00036
0.00034
0.00072
0.00033
0.00048
0.00056
0.00034
0.00033
0.00052
0.00041
0.00033
0.00033
0.00034
0.00056
0.0004
0.00034
0.00034
0.00036
0.00034
0.00033
0.00036
0.00034
0.00034
0.00075
0.00033
0.00033
0.00067
0.00033
0.0005
0.00033
0.00033
0.00034
0.00042
0.00034
0.00034
0.00045
0.00036
0.00054
0.00048
