1.1696435357661722e-28
2.265932557502517e-52
1.2269959624357688e-34
2.6334066646806213e-18
3.109004544472954e-16
1.318903953130874e-34
5.25228558273149e-16
0.0
0.0
0.0
1.0530263926228756e-28
4.950572872076306e-16
1.05515707167914e-61
0.0
0.0
0.0
0.0
0.0
0.0
0.0
0.0
0.0
0.0
0.0
0.0
0.0
2.151537291493173e-31
0.0
0.0
0.0
6.2439853225240226e-30
0.0
0.0
5.144214313641985e-39
0.0
0.0
0.16909089869888635
0.1366106235249302
0.0
0.0
0.0
0.0
1.5937079558559614e-18
0.0
0.0
0.0
1.1011710574228238e-36
0.0
0.0
0.0
0.0
0.0
0.0
0.0
0.0
0.11270097812365219
0.0
0.13109227936285525
0.0
4.3713994221718405e-16
0.0
0.0
0.0
0.0
0.0
0.0
0.0
0.0
0.0
2.0347045102441575e-18
0.0
5.144214313641985e-39
0.0
0.0
0.0
0.0
0.0
0.0
0.0
0.0
0.1088530306986881
0.0
0.0
3.3900563542455016e-16
0.11185419129293692
0.0
0.0
0.0
0.0
0.0
0.0
0.0
0.0
4.429611501290912e-18
0.13895924048527547
2.397634660880659e-19
0.0
0.0
0.0
0.0
0.0
0.0
0.10216571644480088
0.0
0.0
5.077369476708643e-30
0.0
0.0
1.3744543698423205e-18
0.0
0.0
0.0
9.116468389398561e-30
0.0
0.1729252386867141
0.0
0.0
0.0
6.251630527133088e-28
0.0
0.0
0.0
0.0
1.05515707167914e-61
0.0
0.0
0.0
0.0
0.0
0.09409891756893227
4.866053114707475e-43
0.0
0.0
0.1447035135461912
0.0
0.0
0.0
0.0
0.0
0.0
0.09761141508699236
0.0
1.05515707167914e-61
0.0
0.0
0.0
0.0
0.09979614211268864
0.0
0.0
0.0
5.120379183656805e-18
0.0
0.0
0.0
0.0
0.0
0.0
0.0
0.0
0.0
1.0449769494133766e-33
0.0
0.0
0.0
0.0
0.0
0.0
0.0
0.0
0.0
0.0
0.0
0.1065058666977551
0.0
0.18981447303363788
0.0
0.0
0.1528590036466507
0.0
0.0
0.17095456603901438
0.0
0.12517242260547887
0.14415593501271146
0.1530480307227269
0.0
0.0
0.0
0.0
0.0
1.884894473637719e-36
0.0
0.0
0.0
0.0
0.0
0.0
1.11525567664941e-28
0.0
0.0
1.6235065013309555e-36
0.0
4.607162553958338e-18
0.0
0.0
0.0
0.0
0.0
0.0
0.0
0.14113921755947734
0.0
0.0
0.0
0.0
0.0
0.0
4.913458003099728e-71
0.0
1.7153306151841174e-35
5.846705001549579e-30
1.2195541790992245e-34
0.15385187926686497
0.0
0.0
2.243718683667023e-30
0.0
0.0
0.0
0.0
0.0
0.0
0.0
3.0349122922731485e-56
0.13895924048527547
0.0
0.0
0.0
0.0
0.0
0.0
0.0
0.0
0.0
0.0
0.0
0.0
0.10348768983928916
0.0
0.0
0.0
3.3052008252330576e-30
0.17468429926908216
0.0
0.0
0.0
4.441875405000258e-16
9.125666515937103e-30
0.0
0.1042495763665688
0.0
0.0
4.573446127227693e-35
1.9328517251029613e-18
0.0
0.0
0.0
0.0
0.0
0.0
0.0
4.497340874058012e-18
0.19194388446560626
0.0
0.0
4.601513343648025e-18
0.0
0.0
0.0
0.0
0.0
0.1518451268724437
0.11071393660049159
0.16102900677045054
0.0
0.0
0.0
0.0
0.0
0.0
0.0
0.1775851714970361
0.0
0.0
0.0
0.16514562384146284
0.0
0.16523258117668058
2.4372435334393365e-18
0.0
0.0
0.11323245934296663
0.0
0.0
5.107419797721138e-16
5.163386342982713e-28
0.0
0.0
0.0
0.0
0.0
0.0
0.0
0.12041659096417172
0.0
0.0
0.0
0.0
0.0
4.5945265194221174e-18
0.0
5.810377956316422e-28
0.0
0.1737716050574784
0.1624709594337494
5.045789017376141e-18
0.0
0.0
0.0
0.0
0.0
0.0
0.0
0.0
0.0
0.0
0.0
0.0
0.0
0.0
0.0
0.0
2.4745359952867255e-18
8.686271908492565e-36
0.0
0.0
0.15108430718967536
0.0
0.0
2.1809984942169668e-18
0.0
0.0
0.0
0.0
0.0
0.0
0.0
0.0
0.0
0.0
0.0
2.3342574897218218e-18
0.0
0.0
0.0
0.0
0.0
1.967215325316081e-18
0.0
0.15105176325054637
0.0
0.0
0.0
0.0
0.0
0.0
0.0
0.0
4.722502710848648e-16
0.09262396754063497
0.0
0.0
0.0
0.0
4.650043753255019e-18
0.0
0.0
0.0
0.0
0.0
0.0
0.0
0.0
0.0
1.4626724201601595e-29
0.0
0.0
1.0754153846026906e-36
0.0
0.0
0.0
0.0
0.0
0.0
0.0
0.0
0.0
0.0
0.0
0.0
0.18574039185809296
1.7737255159387827e-18
1.2368373708743005e-27
0.0
0.1624709594337494
0.0
0.0
0.0
0.0
2.4745359952867255e-18
0.0
0.0
0.0
0.0
0.15105176325054637
0.0
0.0
0.0
0.0
0.0
0.0
0.0
0.0
0.0
0.0
0.0
0.0
4.331720161798668e-18
0.1530480307227269
0.0
0.0
0.12953345437750907
0.0
0.0
0.0
0.0
4.866053114707475e-43
0.0
0.1678857734733119
0.0
0.0
0.0
2.1303945069180893e-18
0.0
0.1624709594337494
0.0
0.11791207797181882
0.0
0.0
0.0
0.0
5.801939720672138e-28
0.0
0.0
0.0
0.0
1.0336894079999906e-21
0.0
