0.0
0.0
0.0
0.0
0.0003077355076311173
0.0
0.0
0.0
0.0
0.0
0.0
0.0
0.001078445802966905
0.0
0.0
0.0
0.000401634413933513
0.0
0.001078445802966905
0.0
0.0
0.0
0.0
0.0
0.0
0.0
0.0
0.0
0.0
0.000747455177298987
0.0
0.0
0.0
0.0
0.0
0.0
0.0
0.0
0.0
0.0019435158168853964
0.0007830571166508023
0.0
0.0
0.0
0.0
0.0
0.0
0.0
0.00034396799348097325
0.0008229025414518803
0.0
0.0027795955220510766
0.0016212560747815553
0.0005681342740688966
0.001035782347432993
0.0031544497730067044
0.0
0.0
0.0
0.0
0.0007674520995640009
0.0010261320612189098
0.0
0.0
0.0024800287543691926
0.0
0.002104411465781124
0.0010866007877240657
0.0018515754688968671
0.0
0.0
0.0
0.0006913799270042847
0.0
0.00015085453072199173
0.002318287286828406
0.0012376443152380527
0.0
0.0
0.0
0.0008808726212523084
0.00027162141047155745
0.00027043474767334365
0.001078445802966905
0.0
0.001078445802966905
0.002812643476323879
0.0
0.0
0.0
0.00027043474767334365
0.0006316738526334679
0.0
0.0009299088076069353
0.0031521409876251586
0.0003183286238680362
0.00124016907224515
0.0025607763878596054
0.0031527264737004723
0.0032634829856400885
0.00027043474767334365
0.0
0.004673263047332816
0.0
0.001035782347432993
0.0010133190671148527
0.0
0.002812643476323879
0.0010237102423857928
0.0006839445085325465
0.0
0.001985448600812762
0.0
0.0011897334851421436
0.0023072013132382978
0.0010826324529145236
0.0009299088076069353
0.0
0.0
0.0015380520096557012
0.0023086725438751714
0.003429801008512086
0.002119146402156708
0.0
0.0
0.0057193374999638825
0.0009628076222881873
0.0
0.0021458142543360403
0.0009530626115855236
0.0022511965427598098
0.0
0.0
0.0
0.002242843188458719
0.0009162177832219549
0.0007993613078403724
0.002069935692221678
0.0018261386816085623
0.0
0.0011285538016862625
0.0013983903656327066
0.001876792839166206
0.0
0.0007993613078403724
0.0020862272709300696
0.0008987996557347983
0.002329775871180882
0.0
0.0
0.0007320488004129936
0.0
0.004079894429125637
0.0
0.004900729781468265
0.0
0.002651871143204589
0.00043074523933394503
0.0
0.0008604634842411615
0.0
0.002295515091896311
0.0
0.001971909856146772
0.00027154452229393057
0.0
0.0
0.0002997830800229458
0.0
0.0030412161472789254
0.0006837996332293538
0.0
0.0
0.0006855819751187015
0.002677447306018328
0.0008229025414518803
0.005648047469843041
0.0019816665812805064
0.0007320488004129936
0.0020376310171860697
0.0015346090914965522
0.0020774816283410844
0.004379630281898065
0.0007320488004129936
0.0
0.0018979941419381488
0.002083777626322905
0.0
0.0
0.0
0.0
0.0003261033216183653
0.002812643476323879
0.0021190263657742763
0.0027795955220510766
0.001035782347432993
0.0
0.0
0.003542331679816603
0.004563823590644988
0.00224684736406726
0.00034396799348097325
0.0009299088076069353
0.0
0.0
0.0
0.0005489002056195103
0.0015353686885480524
7.487310891956822e-05
0.002639814441241497
0.0011547236651705927
0.0016212560747815553
0.0
0.0004950511636327698
0.001588022942397082
0.004331243742568725
0.0
0.0009786407329853116
0.0
0.003838147080581997
0.004197406950097779
0.0
0.00062407851819455
0.00172194716403133
0.005322811509482702
0.0
0.009019399352764405
0.0028146361392935738
0.0
0.002787986328873854
0.0
0.0
0.005131109012546363
0.0038057800295383157
0.002404955175761178
0.0028488469710666415
0.001419070754434526
0.0017501104573209535
0.002572398148571162
0.0018382721179274147
0.002692768357479626
0.004427506928790828
0.0
0.0
0.0
0.002448972217840194
0.00025840280057682973
0.0008461440426130763
0.002262987937003484
0.0
0.006529959039374983
0.0033003760141735883
0.001836977590818596
0.0
0.0011405567064898608
0.001503814351603845
0.0003258972009153143
0.003691148870500882
0.00735310665489932
0.0
0.0005126737683545337
0.0003109291309867915
0.0
0.0
0.0015233173415183264
0.0012486435863983281
0.0033819305037512564
0.0004576992068683187
0.001358011713384634
0.0
0.0010094814570915133
0.0
5.12317922437461e-05
0.0007430357565316981
0.0004024636426514156
0.0007599624283463329
0.0
0.0
0.00022317094764416344
0.001035782347432993
0.0021671616321463664
0.0002270988269541696
0.002098180578241844
0.0003431283479632941
0.00033580197567061797
0.0003914265032316413
0.003586331978997676
0.0014084183603365872
0.0005126737683545337
0.0
0.00018949269424802363
0.0
0.004551209504305661
0.0058817618393792095
0.0011306126072447786
0.0037742309040449747
0.0
0.0005681342740688966
0.0061636446277069075
0.0021613467658509883
0.0006777416398679859
0.0
0.0
0.0
0.0
0.0015645017370945762
0.0005951548380011994
0.0007320488004129936
0.002812643476323879
0.0
0.0008225970624931974
0.0014003752810073128
0.0
0.003059894730149474
0.0
0.00821842243429724
0.002427330586784544
0.0036202276033743116
0.0047327284664677735
0.001521152828890759
0.0070669170540205994
0.003851770771335083
0.003155300265902878
0.00262779942345982
0.0
0.0074889775972115154
0.0008127600242828401
0.009618509917137854
0.0
0.0054218014688262265
0.0011767167520213002
0.006876966540307357
0.0
0.0
0.005139071406740811
0.0
0.0044766941389786106
0.0
0.0
0.0020843440264713383
0.004181758859365126
0.012723386760515527
0.002526895195172201
0.002972298505490884
0.010152789296374516
0.0037800283171988526
0.0036038209733140225
0.0
0.002297722696252239
0.005745852444685243
0.006928356910563854
0.005957544606439865
0.0026909709941843832
0.008158538164618298
0.008564721443022373
0.0
0.0
0.004127376557978428
0.0011547236651705927
0.0
0.000943007785834108
0.007782567719268798
0.002168374218127455
0.0011897334851421436
0.004213409695236972
0.0006654118163077008
0.0031845617468938977
0.004038335998100349
0.0028987209744513022
0.0018567046014719144
0.002878518403509783
0.0
0.0016252388976903537
0.004047083315791063
0.00487454776268183
0.0009262368640220109
0.0011703762490499748
0.001361466118962548
0.002277066665550828
0.013050183205880543
0.0
0.0010615966491716825
0.0005854367992032271
0.0001277126279506831
0.005027267220977963
0.005381879704273948
0.0003455582955178568
0.0011547236651705927
0.004743995374133417
0.0011539291685192512
0.00042188036810625757
0.0006876746302775338
0.0
0.0010866007877240657
0.0
0.007411313246022937
0.00883402433944279
0.004989065121122872
0.0029005241493397465
0.0025971625175654836
0.0021906950982005908
0.0
0.0027642536175346644
0.0028744735147737213
0.003612009558315
0.0
0.0
0.00315605289308535
0.007337511464090766
0.0031187445150917923
0.007508856157332958
0.003468885888504107
0.002246803339882536
0.008452502749118882
0.00024281411108926257
0.001890912018177645
0.0016656019673733826
0.006343611533191216
0.0016490961270244583
0.0030344248119738427
0.0008575489895205835
0.006733029044987304
0.0048432396183773286
0.0027191323934979373
0.00272464475345852
0.0024574329492707786
0.0030511461402776205
0.005177217125384288
0.011529859015173623
0.0
0.0029368729301041453
0.0076528882863142285
0.015524837287725659
0.00045083950931620973
0.003330394950850699
0.0
0.0
0.007916596406248724
0.0
0.0011957563850083733
0.0
0.004768010043079724
0.010738859844970142
0.005699794776305265
0.0005126737683545337
0.0008225970624931974
0.003950135031944919
0.005835254676730222
0.0
0.00203186175764756
0.0011306126072447786
0.003936617520401071
0.008899260143075684
0.0007830571166508023
0.0
0.008329916644629624
0.0025814335394487445
7.069179426218467e-05
0.0
0.0030746752652478985
0.008703335046455605
0.0037606654035753904
0.0013242142969194448
0.0
0.002812643476323879
0.0
0.0025285366412218543
0.027864752236689806
0.0
0.007268138507384502
0.0
0.0
0.0037473249806035756
0.006324694627645693
0.0
0.0026911798336959835
0.00441783613675023
0.003197024747900521
0.002116170769809322
0.002037906958103271
0.0024786274698849527
0.0019323563285089096
0.00025897444731120466
0.005583823413566738
0.0011206745583060903
0.004568175983954053
0.005522005789291878
0.0018204915789505644
0.0
0.001164595755035744
0.002342661774630327
0.012223426606272186
0.0005460487056142336
0.009543457285813208
0.008301898842452946
0.0027748278631667457
0.0006084952196116819
0.0019195670757117696
0.002891216460484541
0.007272265580959773
0.005644955980279803
0.008655498142654672
0.0008744412359731369
0.009718523611727968
0.003217689576820026
0.0
0.0
0.001354193400559078
0.0041847999915831545
0.006513592978928224
0.008410087888011796
0.000188831056942487
0.001178261913759161
0.00011483283340419521
0.011845389041793419
0.005998818763357388
0.0
0.003987901227787779
0.003947556892788075
0.004645309013796254
0.0003455582955178568
0.009697742361679222
0.0
0.00769180325139947
0.00032305208875933067
0.007411549878779922
0.000623559830206527
0.0009280200531542099
0.004750902221278598
0.00578544408995777
0.006541364749532676
0.0027301225185832408
0.011986754844319951
0.0020099914115417057
0.0032511333722140467
0.0023945692123441935
0.004536356214161918
0.0015971586227229151
0.0006649731890939687
0.00011788937006422753
0.004437593376518881
0.002008292750754933
0.00201094869999015
0.006591736280652675
0.011939577633368016
0.0038963251399156715
0.013775885831332905
0.0017776637914878692
0.0030954501382118513
0.002637890031214099
0.0030157212670883005
0.003339773317720787
0.0
0.004774161105294342
0.002666497066830524
0.018614781374019063
0.0015826993462839947
0.0028275365511071485
0.00037485663310112433
0.0020279002842576144
0.001164595755035744
0.004178394394464572
0.009174104114785434
0.02682577089413412
0.006092330490387116
0.015328659341210716
0.0014725452569649875
0.0
0.005263155464364935
0.001468077714785522
0.00265694763191037
0.0025984714165853857
0.011357143964555174
0.011919231541956374
0.024859992116393653
0.004469447430354834
0.004201050303097935
0.0013139262423069453
0.0
0.0030527471815899173
0.0032903225740227404
0.013140617827304534
0.0021953022742046075
0.0026260530814511606
0.0077468668613602885
0.006402816111388074
0.0036513004277788455
0.0008744412359731369
4.8561794019603355e-05
0.0062783488156801445
0.006350071233992937
0.012790846382145796
0.0027357536511216584
0.004496933293413542
0.0019323563285089096
0.0
0.002413731739269861
0.0011826901622739533
0.004483330346994209
0.006707139925040841
0.0
0.0
0.020801968910798687
0.0007847643976123363
0.0
0.0
0.002497211812371811
0.011878839633430706
0.0032063881494998423
0.004688715659673498
0.002414101185558422
0.0
0.002812643476323879
0.0016952125481656997
0.0035922629602073413
0.0011916867991359505
0.014353137351303244
0.003766244074960128
0.0032426413638050274
0.00038163419944369333
0.002543075482598354
0.002707549025217255
0.0033373043107116957
0.003270439517266383
0.005434120692459328
0.006393645374078747
0.008638869411098097
0.0034846276975722484
0.0024642770408968423
0.004897436598083184
0.00027069629022556554
0.005119230535511689
0.0050787183892580185
0.0015042993398664537
0.0015522584005155107
0.0020725438081526707
0.0010183437287411279
0.013602433126280145
0.015632144759367802
0.006016871959607305
0.014546957589319866
0.001124422900009832
0.003923794040309193
0.0075267484599423305
0.009300009178937092
0.007945055152684271
0.009255684706247607
0.005541648798553488
0.0025001800072273045
0.0014801280378770765
0.014503041940838656
0.0006962986243561009
0.014509164884289381
0.0029215683999457434
0.000516903783630495
0.0019435158168853964
0.007031798380352832
0.005387930315654581
0.0
0.003468888316910848
0.005071100612265634
0.005741738535809441
0.019034044158529093
0.0030686359381554705
0.007458162097891382
0.0033303536395555555
0.0019775637798906437
0.007345171266154145
0.006301959531347446
0.004386429382468995
0.0
0.0008136441060314674
0.0
0.004311788655903417
3.698023200160852e-71
0.006130218679605832
0.003716057381227006
0.0008648390441579061
0.0006441279274100819
0.0011530543048376637
0.0029293297882950105
0.011814405375463173
0.0020931074783717045
0.019893914376390365
0.0025264976031930445
0.018104610476951357
0.0002854689102404522
0.008120710334782186
0.005518208505218212
0.011781302542249896
0.008656948543401698
0.002008292750754933
5.457212786985063e-05
0.0024324139432497604
0.011109472980151313
0.011185143995826484
0.020398594670368406
0.0011899273324912116
0.03629725833398982
0.004710199406408793
0.009262163535826934
0.008414621883412838
0.0032620203537595104
0.0042794807164137855
0.001236429164427889
0.005452219212818364
0.010458994210087228
0.007053191635663916
0.0014102683221983415
0.0009132465845432464
0.008335315276122255
0.005899602147567266
0.0034521072665054855
0.003685230543872845
0.005181962496175028
0.004480132462601072
0.0011431326351449707
0.0035122839428814623
0.007077744811756264
0.023983055384447623
0.011320246166835895
0.004747944046819514
0.007289791196108818
0.014811550008559741
0.004568860437240663
0.007991107964278208
0.0026833264557005352
0.003557397659503326
0.0006805137006279367
0.006952407036906714
0.00047965955930288906
0.004642239194642934
0.01520275089543179
0.003399486625591114
0.001788427778023504
0.0021729677825430816
0.0
0.0030178390978533908
0.013918027879466773
0.005203458662354
0.0
0.009201631051283235
0.01353556526106646
0.008678395641675487
0.0
0.016269368498334904
0.004127131309355692
0.004833024539762649
0.008450462451199283
0.006367857733409953
0.0036444111915611703
0.0024661794078498643
0.0015616418909005691
0.0077450275474544176
0.006570028082529223
0.0025041025510930508
0.004134454511595466
0.007524465635263962
0.0034667688059347463
0.001459209395339521
0.013063181947671344
0.006444199801347512
0.001503474619508565
0.0021264730756427536
0.006812087724848006
0.018488124005151884
0.008876531767052512
0.0
0.0035178161900125742
0.0035788839008600846
0.0
0.003062827384161071
0.0
0.0014584021044671755
0.0
0.006878667934668944
0.013028101636776061
0.0043884857461305
0.0022424893439901192
0.003714372599983351
0.010997061370792142
0.0003751102796238882
0.0018566559664685033
0.001989409251007468
0.028505068011968362
0.0025991918764200197
0.006870409882497273
0.004529587893167859
0.03108239194689752
0.00665025392874846
0.015741545374477556
0.0025031603286198834
0.014283030541474635
0.0
0.012507015227455705
0.004581884484457344
0.002384762192572558
0.004946348164194589
0.015973067152153374
0.005058015893286371
0.010514148989135157
0.0023608928282915238
0.015970096091032712
0.0010755389869618447
0.00592480592290863
0.0
0.0015232283922188773
0.026973915792021498
0.010858920293123409
0.001913199167268574
0.022773622915950007
0.010278371879104005
0.0008007577650337932
0.003447792358164946
0.039058154435367344
0.010210396112572632
0.014534119400166723
0.001988231740561073
0.003583286521651333
0.0019255429130363116
0.0062018635092637945
0.011617774453625974
0.01616730515090034
0.007736541039076292
0.0017693964977643732
0.01901380352934542
0.006088767696500304
0.03144092230573821
0.0003275210082956612
0.0020182795558516473
0.0010416861896251988
0.010394478373395874
0.0033721008001661897
0.003081372213418736
0.0029009442069636536
0.0
0.0
0.008577141068854353
0.0005844770543422232
0.0027477027086031474
0.00733479115651046
0.0016818378896636544
0.018529487817776438
0.0038117631363563252
0.0017639827362508475
0.0006955934905921876
0.009819384804370815
0.010102113844409375
0.008169065355759146
0.011049826658154243
0.005907901068973737
0.0
0.0
0.0056044981395158636
0.01534759128639795
0.0008677859917238379
0.001899344316905653
0.0
0.0
0.010274932538235032
0.009485775267847394
0.004834611881057877
0.023586395539512545
0.014693499794183105
0.01126369234834061
0.00181651227689455
0.0061602875221747335
0.002246850584099977
0.0013447852429911901
0.0024013731487295066
0.0010094814570915133
0.002560754513855453
0.000732288969291477
0.01266061060927494
0.004829224992864068
0.020305703938047037
0.012511805950911064
0.01063180679921986
0.007393477705426712
0.0033148396379833554
0.00567970803664383
0.02006629005232572
0.0
0.007109528454504694
0.003859152992966758
0.007202844673947559
0.011462797297028407
0.004016906253811656
0.01249611326158027
0.006903502392745655
0.0
0.0
0.008599381312378019
0.009515655194049061
0.006846804848544677
0.0005593809817510124
0.011753686372432445
0.018989753988100194
0.007019485303170954
0.004171160056498828
0.006503286779090172
0.0023484382904277426
0.016045327950307026
0.019263175088181005
0.006833420095437882
0.005685444692112303
0.0026364997420857883
0.010566188097522059
0.0028688267335682514
0.005867059292737198
0.007440570157729418
0.002773264791916316
0.01379266965608724
0.0038334046267522004
0.0
0.00862409517809045
0.023730188910265494
0.0015232283922188773
0.0010401505349077762
0.008714693955015554
0.010461098653053412
0.0010236634455614766
0.001521586529545783
0.005292736145041819
0.0
0.003944211800479211
0.008597308352834425
0.0006262350602978177
0.0
0.0024732751854653493
0.0006288823316857653
0.0046387223974790935
0.003648248542590128
0.0
0.0006138090339912473
0.025614832460107564
0.042912976632193796
0.0012491349477719374
0.017435208579087633
0.010310557205982496
0.012893577245112996
0.0011242583491800327
0.02536102605512575
0.02644980796429608
0.008897569334628992
0.015734980053379675
0.014324180365946779
0.01661618162910723
0.018443149836152042
0.003187526905176438
0.0020097528196657884
0.005157151972137887
0.023256560715532292
0.016915063068443426
0.0017487508951857873
0.0044228487779043564
0.004020304375836128
0.0025491494627342026
0.0019300134532554383
0.004271493822645563
0.0023811994456291877
0.013195673217309207
0.01020020806668636
0.0002538843052671867
0.010594668245255545
0.00020728114849167056
0.003951719146703398
0.009286109646547991
0.001515448200387924
0.002568423551046756
0.007161266739584356
0.009852031091008058
0.0051692070164062335
0.006869728517371742
0.0010945358617089624
0.007143580701753861
0.014910428472453344
0.01602031735325064
0.021057946072362728
0.022795677661893304
0.013097163793663215
0.007117104406601119
0.003972864561902489
0.025816197827915714
0.0
0.0021050856081470974
0.002717094790691226
0.007302906300783818
0.013342571053168788
0.012469341947846794
0.006520090171608519
0.01227995761051932
0.005475860084566497
0.003967146126383968
0.013367789418408757
0.002972363281140507
0.004064526652352255
0.0025449391393176455
0.008901850019509888
0.008377105064355633
0.011510247858153104
0.0004451847930459561
0.0010288386960158886
0.0036031761867913762
0.011621402548199109
0.0019614633714115713
0.00918971592562602
0.03906089543240536
0.0
0.01825394722670067
0.008519817313290523
0.044525142978156275
0.03691799476454108
0.010564082577462728
0.013384893070217565
0.0027941435267799905
0.008679955847505054
0.0
0.01224078772025065
0.007828938147951327
0.014816083918342824
0.006065981722683654
0.017486249190850667
0.0
0.0042081700236725455
0.0061421013296896225
0.01468500889675652
0.008200387000250792
0.00231938624000953
0.0038089847996084177
0.0051167203857544275
0.010704849856432696
0.0023246980571871166
0.004586582425775932
0.0025826212812161374
0.003812122104902568
0.0021367895428416003
0.003863552560645209
0.0035019803992344836
0.012611658883752104
0.005481430367239118
0.006489358613437482
0.014370008165789318
0.01752185833131371
0.018522294893812897
0.005747106868637525
0.011236898142792131
0.0046939852863130595
0.0
0.0026013126170733535
0.005536186454994804
0.008209879835423498
0.002838647001017265
0.0018688612115690451
0.0031346986253094583
0.005683195185491908
0.0008754564109807117
0.002201839366041181
0.008753637038175263
0.003081652579791637
0.02500868917143494
0.0048143301423187795
0.005482025041907499
0.0020492437049899025
0.008233680887861255
0.005139289222517445
0.01795661653035746
0.004288788936718517
0.00325993738266469
0.01694861450729713
0.02297777809560573
0.018608413709309036
0.018091534421252508
0.007834500085986223
0.0165544217484114
0.004992022589556547
0.0051446730747669684
0.008779752109814723
0.0032015645540125447
0.012725402157678069
0.007640575889262581
0.0033315198644681314
0.013133341769840965
0.00477659624744956
0.001795746597162548
0.006406012697649451
0.0006735664550068574
0.0023814858645459206
0.024516859976931545
0.01778596891793247
0.011438616121222461
0.014683816805527059
0.0001398431418729639
0.0003260104795123857
0.0
0.0006432211427623456
3.23892182599803e-05
0.04139740448061568
0.0018184730802039235
0.021477461643281053
0.012201628973938618
0.004453162287158071
0.010122217901130536
0.009330465048831133
0.0013654631930330723
0.005120561777515789
0.002642498211671936
0.010389970110658753
0.005018000847612869
0.013223969224963163
0.0031880950522954854
0.0004891619468275907
0.016148425015889218
0.008390593526007793
0.003725472522227925
0.0004234994660474611
0.02157332548793881
0.004530921957691103
0.02065512126778591
0.0006766043121569204
0.027924044208180884
0.003643504006305974
0.006615925333100796
0.0
0.03541610635951096
0.025343618166522426
0.0023812144021601537
0.012834799891774364
0.003492819323667221
0.004294911238847068
0.004065421951341185
0.0003056463899113806
0.005027489214561743
0.0018684087433844022
0.0066141674719214375
0.004509149328354376
0.0017380544960758524
0.013103776482797097
0.02441585841749668
0.003202587943397475
0.0034928660866509866
0.0018650707899010473
0.006299941942156627
0.012933503782783531
0.0017690686304851749
0.005909552694821671
0.0032738561408956093
0.005263362258554513
0.001797122325284809
0.015258724006120293
0.006397126281809865
0.004441419341348229
0.006678214168022967
0.014870189956835292
0.0
0.003220198845238024
0.008035204282126408
0.004871382284527077
0.0
0.002473847950474735
0.00995568522201029
0.021290163918954427
0.0022878462268923374
0.025061057559989386
0.014024777535008387
0.01781234892906704
0.02770072873771869
0.0006777022485587511
0.008019058813730577
0.017012769290573163
0.019660751954258832
0.010331687843322833
0.002763761409611896
0.025021664222476304
0.025533434875808503
0.005387115582883379
0.003733097767720468
0.01569688119138837
0.014122488490690524
0.014230412376893433
0.009593230026572806
0.003361299780615864
0.005016628479228739
0.011419342956306663
0.0
0.038079221536961645
0.0028226713557156077
0.014120736444515518
0.0024420010718541234
0.0009795628880881282
0.002914940706674754
0.021595544154660598
0.008831904796123093
0.020430729957100817
0.01450098156092621
0.01619810284737247
0.031065394445045965
0.05668516665453871
0.021218064383695813
0.05289037146152561
0.0009897415044178006
0.009058167825670267
0.0029901531826613515
0.0061887403713551
0.0031315756068733933
0.004405347398231373
0.009428466849789685
0.0015233173415183264
0.023816480795790147
0.002287217368858392
0.006443149838692316
0.03343175147924356
0.0074133411549669355
0.013218314549269613
0.020519480556190937
0.011100910272407588
0.001293790477779998
0.014720481767857807
0.01027984342646739
0.004438679633034062
0.017692933953388956
0.01818761230394133
0.0025156988325073684
0.01924039286389064
0.00467505060016288
0.0019435158168853964
0.008708441978113568
0.01829678137284519
0.010922812387183133
0.014622122149849507
0.04800071570636061
0.0
0.002194722924483357
0.020115709250377856
0.002104062995675306
0.0024024835072242513
0.008847938090446521
0.0010196935232861938
0.028165202390764536
0.015129125332705986
0.02722042806479346
0.003077617542232153
0.0442956535447444
0.0018687212116751902
0.011060612100962564
0.019136672676101304
0.0226012831712031
0.0025817728509098803
0.0007451556535030149
0.005099909858197739
0.0056524388211753145
0.02475588966965642
0.00261772595553675
0.002340099955577978
0.0038495478728404597
0.002261874653018459
0.00045168623182954387
0.003499175545003964
0.01673303534489235
0.008475900322519745
0.002364353583000775
0.011753175854413076
0.015510577681762755
0.01460988362961825
0.014760054183968826
0.0010850030452439232
0.00745507221874514
0.0
0.011952669836264687
0.004622594548955165
0.018539324770622815
0.0013310580323993891
0.010137343375403347
0.014849440871746123
0.004581114134774958
0.013472872571837043
0.002654441657889829
0.014765662605049633
0.011353791254661506
0.004401897385007464
0.005552827719157884
0.015591172608852216
0.000188831056942487
0.013173871360878107
0.006199155242453993
0.011829103522523962
0.013380111421731348
0.02128134358007732
0.0022145505629414773
0.0010981807740385672
0.029481471106381215
0.0033477070722910452
0.002417813550531048
0.0024151930665346584
0.022812957527446567
0.0023080485946999833
0.002600673730981758
0.014584103776451293
0.003909605548444218
0.028600683441404894
0.008985217880790557
0.005581206968482165
0.02401368968312451
0.008275329889794455
0.02874363110961373
0.007964250821854124
0.003292032937825536
0.006881648495125046
0.004139320840302218
0.0005824591114328505
0.016687535757799656
0.0040363035506367564
0.00023127061710440179
0.01778316313483887
0.008364536375597168
0.0032869674683439223
0.010944822848306229
0.024415412173607834
0.006280031422848598
0.003562316968354075
0.011071783603643802
0.003642857305186746
0.005749341339964591
0.0027717134424053965
0.014007384334678633
0.008291042044736494
0.004093867157674426
0.019016134414351793
0.005332924040516925
5.5763120395273335e-05
0.054716364695606486
0.004739002109561074
0.02315124539481624
0.016116409356665168
0.003966365162906907
0.03298965063911117
0.003345435775112803
0.01643400795144638
0.006000433057167112
0.004060490563806571
0.009826907703179469
0.04376053154482906
0.022783885364291306
0.0021181872162577774
0.001582380175289422
0.0024151365005229816
0.0
0.0014387000533422844
0.004035661358767938
0.008258776107015312
0.017758063847915957
0.012775528028146103
0.00786521463234959
0.00496887065100297
0.0056486461691797624
0.041798299751037486
0.000751950424793609
0.015795235143723517
0.00782065653208452
0.009032702432107638
0.009182611006938617
0.003119573602330504
0.0076509014792706396
0.0025465892687450095
0.021740685168157237
0.006937830450620245
0.003582079559976638
0.009856119275432349
0.017636381871883013
0.002251121774831402
0.0010249729926079326
0.03337424874264262
0.00838575788979625
0.009626221732717797
0.00786870602549214
0.007664778570980694
0.004781479254887777
0.008505724446450414
0.023362669071482215
0.0
0.011220157036795377
0.0035140022046394894
0.0022585934779670316
0.017527296464964474
0.013222814959033016
0.010520908783090394
0.005406501714552847
0.03880814190926293
0.03644863761526324
0.009146555896093962
0.007492024073865806
0.013489550498251228
0.008267879388522342
0.0
0.009999488324591405
0.014151899089304984
0.00984341340825255
0.003278374092717787
0.0031004731478512233
0.05498342462497047
0.003909669994057267
0.0003968029973818553
0.004223805125990012
0.01131891915642658
0.017336358493291498
0.031397897111315465
0.007720334106480212
0.011396547012576924
0.002513006488624749
0.003834516665883889
0.009486022349106223
0.033985208383668364
0.01096097888474133
0.0
0.02310960868136247
0.006365069565048313
0.00958850895692335
0.0027553134634235293
0.007305257891719597
0.00688575324975141
0.002261874653018459
0.00032341355978152445
0.014943780457864382
0.0014801280378770765
0.008046416438964449
0.0059321816859104195
0.010363633390197944
0.005005541112849643
0.0015233173415183264
0.013778698550099854
0.0021898603354569206
0.0029343243993339373
0.009020392341866655
0.013774487108869244
0.013563381077825615
0.011716986930691148
0.005586478697868321
0.023674852760322978
0.012782860502140756
0.006576836905633247
0.0024330859062836985
0.029389783799440482
0.0010710486466270362
0.0007375473201280811
0.003398116595607891
0.009026055595275652
0.010117584404493028
0.03120066905816354
0.007563674246640883
0.004372955469062531
0.01112866794365733
0.015305809401810422
0.021361210921563307
0.0013617103250802372
0.014722634856841613
0.006806475138370922
0.013979970644424146
0.007078596912235921
0.01325388091318367
0.053122892873439784
0.010973892822967943
0.04589210444251653
0.01692395551469625
0.002218067684824388
0.0023264337941190983
0.010984238208705208
0.005398983804178723
0.03991449148015308
0.0007505907513607243
0.0016691531832925864
0.012525369520243983
0.004007656698907775
0.009061698446661917
0.008844623076415372
0.005401136741072103
0.011973345531728501
0.0035936202773458477
0.0043076343926297745
0.0029781753780398074
0.027500447932332816
0.0008083958041304706
0.004592343293453968
0.006505568114023416
0.012619432955931967
0.0020075248489442483
0.006245281845126916
0.002662049760798863
0.025837947265886344
0.0011119936846008401
0.02040935415363333
0.00965907154324624
0.003786676205943468
0.003993731507855215
0.025692147410759324
0.010253007168468184
0.0018576034432584336
0.025752710171115193
0.0004996967465208859
0.03186893214568768
0.004796592915376152
0.010529090635931052
0.0003077355076311173
0.036233794818403726
0.0017290550756202522
0.009865310246863396
0.004055400796859338
0.00718635087661396
0.03141136840764132
0.0019478003442094003
0.01670658471946614
0.012746670988264803
0.022844322002157462
0.007330287384661233
0.01078052439129439
0.010612341901377496
0.0046028638121513666
0.0
0.05306794932632215
0.033225297807111843
0.005954808688239638
0.002208820207734398
0.04452645159157008
0.0019434241155109788
0.0031222124483426053
0.014280789838261334
0.003969154664636776
0.018001385454716662
0.0004540794149171077
0.017070749211645166
0.007050373438210262
0.007815276440527083
0.0006432038828406434
0.008017783386114516
0.00039611042045704003
0.014634580629190883
0.00296725670073091
0.011223330121083095
0.0019520380636651419
0.022810183721822218
0.0012689118942379484
0.02334250625775624
0.006541761525927249
0.009556138125105926
0.009709034208862412
0.0016665120017419776
0.006554568537958616
0.01036625192675242
0.04170227820313697
0.012555636897772888
0.004546963093848414
0.015930590438138877
0.001548051481769534
0.0033815490919181152
0.0013564234593616625
0.038599077902910076
0.0028612734470413325
0.004774020221991554
0.008082217673308138
0.01825425862545231
0.024191489259263364
0.0011278725859177614
0.00989912720982969
0.002676190857058037
0.01340422706303795
0.002413731739269861
0.00630351791072379
0.009700860557576746
0.003954125286549121
0.008354592163693232
0.007728847369977615
0.050804678432246016
0.014310373098159091
0.01595432147632509
0.0035839343114810194
0.011764826954305382
0.005959059284951814
0.005082214213825043
0.0031242461157113426
0.0004562514593140577
0.024162789368591616
0.006453207518392649
0.002008292750754933
0.032988617218034616
0.0036718039331510993
0.026937261536885453
0.0232766303683313
0.020499048709486878
0.0076914970921511654
0.0006484591893288752
0.02086785784631981
0.004360165936921519
0.004659872154751671
0.014523208544825597
0.000898787810429051
0.015802234309327024
0.014248642940368669
0.0854690142203714
0.001922032110576936
0.036172201588040846
0.0040678287526564215
0.0057689690375973225
0.006329819643947843
0.016444136036693195
0.031582081819662614
0.0008248466395792126
0.008327124850671988
0.010454629499396477
0.023216481527821492
0.010318851425080433
0.04762328579156207
0.017460979312595205
0.006770917174410746
0.009957621040425106
0.041114309026480916
0.026001789469825815
0.00307733828609903
0.00475748763046539
0.017045588390320124
0.0058010239176889125
0.006896528188467779
0.012905931549330372
0.004630089774925239
0.0018681458609800783
0.014246647206695084
0.0020211504449085217
0.0022194460873430502
0.015214358187053273
0.011627534117265078
0.025104831119390505
0.003156142406732988
0.01592304814840732
0.008324288546244799
0.0038684616975190487
0.03515367223934179
0.00616718221141053
0.0005828736344322656
0.012927599918631507
0.030485924636378083
0.00783237422052882
6.95949564865793e-05
0.03370721478868447
0.001124289825465108
0.016160779635547885
0.03310600966525817
0.014224807423250994
0.013201395218597535
0.014204531049332045
0.02333903569390663
0.026824007863890553
0.009845149919149507
0.010166536189217578
0.004626470177200838
0.004411965022417626
0.06521282063311862
0.024978901502642415
0.005577771098633441
0.005586403688963835
0.017704954573083867
0.009449646251515124
0.010587899330671762
0.002490832859132434
0.020635269399600052
0.007885817500532157
0.010402275738639638
0.015455290670420601
0.048107155593227015
0.011414449558541467
0.02346916200513927
0.00646523801760881
6.511364149546058e-06
0.02471527581494194
0.002818707198588371
0.00986410890403175
0.028217593363228852
0.004553388513730993
0.008451603387609306
0.004555288001326083
0.005250262175318106
0.019434304309450166
0.0013919715071341078
0.03644425854548796
0.0016723437465240804
0.01666254640310059
0.009608475005783818
0.0075349352474571455
0.010250314475458577
0.005986186825604297
0.0028433787302435563
0.004621820504306178
0.02710760223629314
0.00041496206024015943
0.012651334207894018
0.024164364007928592
0.004132979562114746
0.004037409948651427
0.008429437439969104
0.0
0.00540114749934228
0.006735847822222957
0.006876312376059996
0.006406796440392308
0.006382095583138311
0.005965692765596463
0.016307968245605542
0.021831928740290277
0.021877094240283005
0.020198964983206186
0.029403648309165184
0.00548782392107728
0.008004883952353761
0.009763069574302783
0.009128018001875708
0.025838273629077226
0.023954236992964548
0.0012194190286880752
0.0036518367408760384
0.0022974712347504913
0.0029784699564158745
0.004888384687150148
0.022405447385716124
0.008015194459990825
0.0
0.02217678775767323
0.019850118692421835
0.009934543069240818
0.025876911907390752
0.00967561563489027
0.008306562739185654
0.005822501664917866
0.004459032691022783
0.035392532306141866
0.005281199503327749
0.0009666688067082225
0.01213625003030488
0.008781286193466438
0.013500046382065615
0.013979518771115895
0.002826255501896886
0.010553566793189256
0.0005075118619959508
0.0005738176071444797
0.01924841411163086
0.006385984843019192
0.02122037585471274
0.009061084909667436
0.018523756880701337
0.013180744746032537
0.047930407267705824
0.02014707123369512
0.0023123275789535703
0.002027959337421257
0.010272442620785527
0.03462097282974126
0.011805478672256633
0.02358349691924087
0.0069737433868316285
0.0025538309876301755
0.010519423599336731
0.030541774531469782
0.005282133889420351
0.0016470106387124375
0.0005694790099709344
0.02616083058753782
0.006763250859873029
0.025282792267515584
0.00662777000535146
0.017241388846074342
0.007512346250667999
0.006699208428777827
0.004280152359786572
0.002418454766298504
0.012771664560081778
0.048659479977639565
0.00047103508951043077
0.007335855937106332
0.03675242313033142
0.01345003478197456
0.011342514820499711
0.011050248789409411
0.0018443972449502031
0.015059118314155824
0.06307744370615578
0.005392047698919995
0.004027144847567958
0.02414144335397466
0.0019885754920359105
0.0324931175484183
0.0022289339672972295
0.003747619842630007
0.012679067399079012
0.007998562282711985
0.018279631068010015
0.030313923738119277
0.01300140432044366
0.025820680674419633
0.004639037900590423
0.005292961954447621
0.009724978935822354
0.0027554049051866994
0.005432846242037407
0.004390018199150688
0.011049670388954321
0.019295631256320445
0.03780574480845791
0.002774975144519268
0.01171517987079651
0.03690926284986082
0.03211047206731051
0.0010826006736514683
0.028444910894416073
0.013516307768861601
0.0018262926817412782
0.005207907846348856
0.007989031145067695
0.0006554240877856179
0.014735240351799322
0.013139562926176686
0.007699637267457208
0.01908501125115042
0.0041554126219804635
0.021902962399737713
0.025586992714891316
0.002170541841424181
0.0023694747539278627
0.013197979631090177
0.01938146204955596
0.04498046254172652
0.022372442442858985
0.00468208188117081
0.0139020942493117
0.00569648980464282
0.0013646525512994625
0.0073917447189116876
0.04369550399782931
0.00462211589358366
0.00580035463635705
0.003310100793768304
0.012608393711042472
0.018627062368437232
0.011668822600239064
0.024588437137943543
0.010936787780163822
0.0044482568773731145
0.013385144769135023
0.0020692708914674253
0.006949631865129743
0.0014428009963464072
0.036997975294552024
0.006232329805343439
0.01582697061616642
0.014931785611960041
0.021051584744952723
0.0034631964502294154
0.0029256793824498665
0.015876078725586322
0.012896458784857921
0.005326020703141918
0.002993110339084496
0.00515471332096411
0.0
0.035057761780435875
0.006874121316798278
0.051997380359044214
0.005532581578074038
0.05919436064015665
0.009070164479482851
0.006334119395012962
0.013036466864015614
0.03549593133663643
0.0
0.010422077830294071
0.013268000586727552
0.007524906926040305
0.009834370501179752
0.00752422654623856
0.004876790313707873
0.004672164254313052
0.020269333665505228
0.00772882907219249
0.014244626890220047
0.004938663324051241
0.014488798137922964
0.009717425657571456
0.0195272163122544
0.006318371480514696
0.019261104686804583
0.0042027433135746976
0.002671748661646525
0.024604572248933237
0.011799916117454668
0.014472377541096048
0.020199603593417947
0.042821537273886094
0.020091793225240896
0.01668880248493401
0.006166249336693066
0.004067368473373576
0.0044861138807937165
0.007639042353415184
0.017811389339572496
0.021125298107897136
0.027308079115635115
0.0495516733648156
0.0014022739355512815
0.05017103198294789
0.019090234672571312
0.0029583806422987455
0.025830202473119488
0.0072346356904281865
0.00960716953431546
0.041931537513573466
0.006925445212000252
0.002526697374653904
0.009892463725748736
0.03887085356805331
0.0013810080392551093
0.01173939710300352
0.014775530167461694
0.007896188895247971
0.03244917371773644
0.005568617458765851
0.003278128332815692
0.002913831392727876
0.008195503201298882
0.011047666193021609
0.029641152648362507
0.0035606872392613233
0.026155676185890406
0.0412356388773146
0.0044383970909779085
0.004332254614982169
0.026807826079844145
0.018179362485993906
0.0019015917360623775
0.017062948849072796
0.03441633761466911
0.025514218802526488
4.29889415357144e-05
0.005239074869535887
0.015996831616183843
0.0038389283847538006
0.0008137703395566048
0.012911125002859347
0.010998489935434003
0.006978782110384856
0.0038482441092280327
0.014590130430259054
0.010345054556443023
0.0003083155914137717
0.0226936972508572
0.07375190897508828
0.0019342583734661843
0.005960896001442693
0.01891589716097383
0.004432161112972207
0.0024130439243839285
0.012043696776013836
0.00975441366142177
0.00958797257408819
0.0030610062262552266
0.002133681750742672
0.045176295941671114
0.0035177352226543595
0.003161519216596753
0.002320996923704138
0.005682079528997862
0.00280166437981766
0.01687905892417298
0.032775834321559005
0.003686311488206788
0.02462251788714442
0.020832629339541754
0.028553405109204445
0.014609571977196213
0.02972380138041269
0.013279023534421307
0.01862321128818455
0.026818770502546427
0.0049534019603704555
0.03168446616697572
0.008231698711669656
0.0030197789540595157
0.0028629252045182575
0.015753693339060102
0.008357793920878884
0.03979262055179969
0.011606691761848375
0.0007265324037319357
0.006301918546860607
0.002678205037132012
0.011739464466240954
0.01036485883586107
0.009728148934438305
0.010932153796179246
0.009518391658439488
0.009129129038577845
0.01016671414738933
0.009867051823540553
0.007701973628150181
0.03647593596055068
0.018216611960740967
0.029297763518193357
0.02282860578566276
0.0023865071001867967
0.01705249361984421
0.005420809976085178
0.014195509244392205
0.006219685351716479
0.0062115895741099
0.021595843155287463
0.012992257646899997
0.0015056361796026128
0.0
0.004656966026615149
0.005932268241410424
0.020951807246127833
0.03605945097531458
0.0439867625268248
0.01165575807669783
0.0015130673103111144
0.029675548590277913
0.022094521563726068
0.004338179314025487
0.0047823315012092
0.04580716646841154
0.010686059590960162
0.012143373378785785
0.021691449579238048
9.263191079221719e-07
0.029675858474995036
0.006634849199983934
0.024300197924937615
0.017704968363526308
0.0051624304957220216
0.026508236332038835
0.0022836695996305946
0.004103416253324
0.009182884934775483
0.019666783147729964
0.0062134315119581635
0.028028156729062132
0.0
0.027248082682102184
0.0009608934844458977
0.006133208972284583
0.0021130774839186795
0.06524445376133536
0.01872403579595767
0.017306104152260575
0.011723348610952429
0.0064200811750102765
0.007417365189177835
0.011057008799334453
0.006266524649404318
0.028674971032205645
0.015589444702967492
0.0009548856700412844
0.014492481733554784
0.006283109586599127
0.01955528835305308
0.018111426226945615
0.033521815199946424
0.0005780316319801203
0.008469930769527094
0.04176641764174248
0.017548156433525277
0.049908493852859434
0.019688905108063096
0.006321166889608724
0.015558618028569435
0.01687825851185954
0.04393305777291828
0.031337725784274635
0.012634262972032611
0.0020987003915559055
0.0071276594882120825
0.014089299647525496
0.0004947544487759181
0.004779792971058343
0.002039304787269341
0.007437220154128229
0.0057369290479247605
0.029225007142435228
0.006688858216227201
0.03627011320902646
0.021309584808857914
0.016263506782313662
0.014001023121110881
0.028123379114494917
0.00284195508986473
0.0042229500055704135
0.01969186737623068
0.04477812473894446
0.012318025750337394
0.015995076620980566
0.011203253500389485
0.012712535188944102
0.018659802333478
0.012130940053515307
0.00864665282895816
0.0010131648223615831
0.0430159816442064
0.021211988087189004
0.0028650468533780483
3.698023200160852e-71
0.0012303418893278477
0.026339414842143447
0.004018373171764778
0.012861852296656389
0.017831563701177392
0.03719835715507252
0.01699650883884506
0.0074821123526443165
0.008142489538026567
0.010779480451928572
0.032125806964638494
0.007929055956380323
0.0064023849826290126
0.009528279840878994
0.010574727069952723
0.01354913397083854
0.003929951966770464
0.011342254470721609
0.004597873930989252
0.0
0.005858013780611971
0.005134466931168005
0.0021837500092705482
0.024420491003178914
0.02360726062512232
0.017428942650026837
0.0006447171600692447
0.007460021847061017
0.0033335537939807483
0.016335694486452435
0.04259639782999219
0.006322543828652916
0.0006326674507381357
0.030974322958614808
0.03176306375226864
0.004418243063017637
0.004163573377857882
0.0061665945794228665
0.009072848261526613
0.051190417198940595
0.008586076100666239
0.005859698304239741
0.011571768939360556
0.0018421906988032991
0.008376084296709638
0.02214209478660743
0.027393732148536448
0.0036575619111232057
0.03760077180874019
0.004514787921466643
0.004063397872725673
0.007512863220416217
0.00017098428731958653
0.023386456406922364
0.010870230489161
0.01995618710333663
0.0019053778183079763
0.0008521502868970093
0.0017329040437495929
0.0007970452380999453
0.05824776149851254
0.017357393445071905
0.017327188666113515
0.004768571754082283
0.008035973703332783
0.0
0.0496983060667397
0.0022679891599021004
0.053194540353690374
0.04955897076072153
0.002450940496377939
0.005482507704628079
0.007946786438993537
0.019614260746317846
0.014800919014617418
0.004621580300404621
0.02676971120810694
0.0078088082000905695
0.0036815180833771545
0.007925471384772826
0.03519346208779116
0.009544772265520413
0.02294782766223882
0.013422516562047649
0.015388980617402306
0.02751920510321818
0.02416372874810841
0.012928097934603583
0.0029307636553926623
0.017121508372743236
0.001952611966747228
0.003662106825644944
0.005679398548943889
0.0052838293030286095
0.023015810945656374
0.0028737230063514627
0.0
0.00861635523864788
0.018670033727945404
0.004676260517412765
0.01949950878646736
0.008933701178356412
0.004547175106697623
0.010611060949447842
0.010880594413163495
6.730885501887761e-05
0.010059600293551815
0.009920998274988239
0.0014018279808586706
0.0050717062116815365
0.1254311851049632
0.001316815684014097
0.003477433397163684
0.0022839224776632426
0.0023099795379210326
0.05157059378059788
0.013557224035388941
0.0023176294747601286
0.009967829017544087
0.06024567013278375
0.002491498025289631
0.010676011903063871
0.004760455349525284
0.011081530007334747
0.011024884626216027
0.008588870000226735
0.0010677819279572745
0.004321658003400805
0.011858118952477683
0.01639471409297662
0.008945432094616854
0.0006020054537383574
0.012771204629469592
0.01932752348894387
0.009708189588031888
0.0240724092201004
0.0038939215696709648
2.5487251151727272e-05
0.024279036833513228
0.0019889874177653807
0.0330655337521596
0.018665821195004078
0.007104629182403028
0.0011470326546885133
0.03161045721466601
0.0172302680963183
0.004965983128204676
0.059394703449905946
0.01785371771237542
0.007118801775036969
0.017343067676588754
0.008020895815662673
0.01888025123000237
0.0011319693701050603
0.003355333451450151
0.0006075994066009399
0.0015773680686484816
0.004511268555421347
0.018565207711829047
0.006852708767320411
0.06315512695700677
0.01313203844390923
0.013068172955376597
0.0020523310955008903
0.002924759181622964
0.012856272928625435
0.03814961292411467
0.0029057018232054813
0.03213790165933899
0.08897567152357637
0.021541569909879352
0.0011974400541968446
0.021824689569726382
0.01572911389745682
0.021307141632861595
0.03430446121887032
0.004362094686405006
0.07555079002551712
0.0006698769762822936
0.05512356800503244
0.017473342399722452
0.02523485672354967
0.01842531824313688
0.020455157502030794
0.010509264160644712
0.0006138090339912473
0.01410424525109338
0.009446293480375588
0.020427511384245697
0.014748580994150435
0.02371975871077747
0.01821783777940395
0.017333149592763754
0.014898534803059046
0.03783048971501078
0.001962535085676791
0.008457849759121488
0.006846075967225235
0.04672979106341197
0.02261036871383468
0.024879258011490893
0.009699776151711576
0.01312831055840562
0.008081399906678825
0.042045111824715736
0.009230709370292063
0.006406455076110094
0.035247747372864666
0.014217041830633421
0.005056410642779504
0.02396670799625885
0.007954505188804147
0.018024618354356984
0.014224112858463695
0.03765063599768562
0.009951339339308687
0.0030461539630043228
0.019282291523477425
0.005754185601513679
0.0045253904081789835
0.0446736560111752
0.010432013667276556
0.010029153489106189
0.023648120916444526
0.011430918621891334
0.0015700107365095221
0.01259503144629354
0.009757295636403904
0.017470607325381957
0.025988736654382224
0.030141439880931185
0.023002461531917325
0.0025171180110245025
0.010373169049433216
0.025810340469437285
0.008737248765748346
0.032140395181537926
0.0023722218488548795
0.003961773821198561
0.012894674431275049
0.04064012796406032
0.02348466326251176
0.013402089615267416
0.007342146532892495
0.014472288013724018
0.02862461350109769
0.0014379405259770262
0.0138218289817941
0.0015646710800084802
0.0042044407536356715
0.0033964270501594235
0.011606877385088116
0.003959553228795911
0.025475228787970358
0.010213815002543735
0.018689646123676112
0.07863357554691042
0.012650165278411845
0.003647963132100273
0.0018088138826337016
0.00116932693581021
0.010717484977489611
0.014655955229553798
0.0030331551989979653
0.022057017090733853
0.008607647595724412
0.007335178324053822
0.009051630342356471
0.057624582373526766
0.0066771562533625
0.00516305329080203
0.007185175387664989
0.06583565665599482
0.03102769746382152
0.030033790853349243
0.054754104317123686
0.015160332219040538
0.004485893672635325
0.028356937861348554
0.0016227212900376843
0.00556220679233112
0.016669247541806518
0.012016918435980354
0.0017827749569068294
0.017200290355450513
0.0028387959294965013
0.019876259263926454
0.009944945671986186
0.020116665891033836
0.0010173766174932381
0.07388582419202276
0.01683241262927913
0.03988341648526047
0.004561192556378303
0.017271131418334
0.03668000246784705
0.018735653719413103
0.002288035547649966
0.002070805474220621
0.005022539867749845
0.015252987493634467
0.02782733634561029
0.024264486133454156
0.042925580002448116
0.06692570732673302
0.013344719688557353
0.001580711683709298
0.0032124178618260384
0.007701416924203059
0.011806699587010222
0.0019064641352178394
0.020153879457385167
0.0267254375537547
0.012397439515332941
0.020246045889577586
0.017249132971439273
0.013190527918055688
0.01569229614270272
0.0022663088856816017
0.02098422864507526
0.0032087573271811945
0.04490306503726654
0.004747718180099078
0.011718638592975393
0.03562771053016888
0.00391351159519122
0.04909535800083332
0.0033969863736431787
0.004490882595072903
0.00855304309529077
0.012719009369011032
0.011015029853127259
0.02110062760379361
0.011336023982482945
0.04298327565398523
0.05902948234769593
0.007717727967380212
0.03695776877194171
0.0010465015643106163
0.017228558059976265
0.001231412681816726
0.007028524546219239
0.00466823143764793
0.0007331603803531167
0.02677963430017436
0.04016384934676516
0.0033644685893223004
0.0036847221861924326
0.03253415450236509
0.019593842973251275
0.007207932959657673
0.020356134679789115
0.01316327832846729
0.03252572056988555
0.0024348827029382937
0.007104732507513353
0.03674178185999867
0.005288425098855896
0.00639521112148152
0.014453014700156766
0.008858055973007957
0.003486636466370003
0.0048723837740847365
0.0033993830322371537
0.0295781847586719
0.0017754668398355258
0.0052613167532523245
0.004060693889137613
0.004243991287098297
0.07104586708697007
0.029916138546505874
0.03167325464451463
0.0055677984084184125
0.004137779440884469
0.06902615075708007
0.0059674568475109975
0.001078445802966905
0.054517401275016544
0.018110938396752766
0.014808388930708703
0.005763527278132402
0.005507532386654738
0.015865431625248116
0.011283191290999452
0.016844982403839408
0.01719995970314862
0.006167365525255986
0.004366087238317249
0.004252237815674831
0.008551849121787643
0.0029530512786652453
0.041486972119921826
0.0013767826682645058
0.021699113988800443
0.031759379297669886
0.017971375832398582
0.023877161791368937
0.011321405487540704
0.00396394130663894
0.021300921757208605
0.013458943917859395
0.026138703476377634
0.007127317969280491
0.08240099459351174
0.0009549431727120919
0.049331728274715006
0.006256480758434867
0.054599273503796515
0.03642517313420192
0.015819422149458546
0.01006666241191201
0.029313111764456303
0.07189784000250911
0.00354970177342474
0.018550519681234345
0.018059419879319954
0.025347428454682224
0.023397148543452963
0.009465674554434396
0.03365431693143935
0.014438089362068246
0.01128390223685548
0.011151095219938909
0.0030412492606871726
0.003732984241538753
0.016960667828184773
0.010772489809407478
0.023591481772791995
0.019764567929542662
0.00320050356047685
0.03257842231475099
0.0022667951180913594
0.001270622909254191
0.1008489145880228
0.0068875245058373025
0.07671737725957416
0.009339226772297612
0.07103847900184664
0.03901569436491462
0.027094516533213285
0.03427440930315847
0.0271010275219856
0.005609568510973194
0.008010258743706665
0.004974459066469471
0.012982515981347087
0.011730031251957028
0.003927916637485233
0.00139289701193366
0.004787323416193257
0.01478124083745451
0.016323347490503383
0.016604395866382977
0.01691005308303881
0.03703856700550733
0.010740053299233518
0.011637590952482348
0.015923786801097645
0.010419939712116558
0.03327764883711575
0.006514230796681233
0.0219751131039849
0.009628382973484107
0.0346615147827706
0.028787517497182495
0.05962424591648146
0.004443300739979897
0.005597974488537571
0.02403617641548878
0.007947693397504224
0.011033297771881436
0.023484139124649434
0.00494890842091806
0.0009468447720817132
0.012419260573235466
0.009207230023301748
0.040579154176390346
0.003705322922463218
0.004149158225591351
0.0043966655296393455
0.015942228249211304
0.00702905249617526
0.004245303733280483
0.0016814962773003884
0.013958773287356391
0.031684511338814086
0.024671666440960145
0.004887871355841677
0.011419592628458028
0.014440339594792214
0.005129061759860772
0.016647046957442336
0.009098078316099099
0.03400514304995283
0.04731738645932568
0.0115094179708953
0.0030108070854548263
0.006920109204121401
0.042852809425211066
0.04124013601637875
0.010412128315909274
0.012847047582908862
0.04788228029353165
0.003637490654877441
0.031240878745707634
0.0013709582022502949
0.0023223642300626984
0.022989652906618054
0.012763269960039446
0.0015991842637619194
0.02878608643409559
0.0007337984652913238
0.0017514755658964761
0.04037352103589965
0.019226025868148235
0.025734477182909707
0.006841431584762742
0.008493894287315479
0.017250833011947207
0.021010549298665762
0.031043334876361312
0.0029878752225588313
0.012186843949886754
0.07666491284619426
0.010577562637625798
0.004698536672717362
0.030376424820367665
0.017724426457666802
0.0006397069040011323
0.021064480497313822
0.05808793277646462
0.013413164949456817
0.018105365706479012
0.0061088932371148996
0.0033745641180997947
0.011302960291644256
0.003427403525575898
0.025110076414690017
0.05109306229974587
0.028489454301203393
0.05536041885183149
0.034636995986189426
0.00033192922254550157
0.004207497248261846
0.011713734258750434
0.00291667047875746
0.0020564066402678216
0.00838991283645437
0.027628633188391503
0.0014403264177621118
0.013351712566701472
0.005224649676284645
0.0011889782725489264
0.015245405202592169
0.01125878704718684
0.0031703168108610583
0.0005436445096882467
0.02897210129100708
0.0038906846919402826
0.015667446415916362
0.03494231959353911
0.016377896882309072
0.007753314862060575
0.0012241788921252355
0.005291289898178911
0.010002043057490681
0.006518216191674117
0.04450527306844229
0.03699742944099978
0.045885347241299265
0.0037950329930665837
0.01953825620602662
0.050523722822023
0.011663531959382235
0.004051262643182999
0.0066681948274521785
0.03428759818413501
0.0025426167625038102
0.010934283606836443
0.0021319418938260852
0.008223812228035168
0.008568959151278501
0.029799559437558253
0.004198260824661829
0.029535913208646646
0.00703293315348736
0.0020829297770951667
0.001171430178719522
0.00260094035471886
0.0049635297475626484
0.012320468443556895
0.0219059252790644
0.037745496100548566
0.010229023597941502
0.00930374203628707
0.023528779911547913
0.05495233530126516
0.00293251114360188
0.006017754614840725
0.039089106452899286
0.005054926517855173
0.04229181423187369
0.003986309412306175
0.01355884279727003
0.03851106821632076
0.012170261755999825
0.020796323588738192
7.313360452743585e-05
0.0021939634517301448
0.009894769929101759
0.02928488298291865
0.006325547674738077
0.01565343247678181
0.038049920406144785
0.00601833090355111
0.008522356254525966
0.011748004569152086
0.034868242179444
0.017500602510534542
0.014097892214999196
0.016711208398675872
0.00913015680624048
0.004473403886176447
0.026750223606825822
0.003690286310002867
0.0022701705637221486
0.008589764040574788
0.010741221101704022
0.006805740333473762
0.03488742978144411
0.014604244674270924
0.010896869216957086
0.009928507412020223
0.0015375357790143392
0.027299945315686986
0.022358789645389694
0.017606829011760725
0.008662989840605853
0.002008505875527523
0.020354616873413625
0.024372243876147226
0.009738571243027148
0.010739592329297793
0.037856808751450505
0.02511384403486503
0.005751428163301959
0.014511062591056844
0.011828775259703047
0.028924983325482025
0.024630423348999335
0.003596640088544589
0.0018582080780317305
0.006393596514756056
0.01612360286782128
0.0019386634959988147
0.0052011923446565874
0.007467025060014717
0.0034481483637265158
0.030028601888762448
0.022690199708487215
0.028743592166484016
0.02480745802745766
0.015096352534112649
0.06157837828486138
0.013693769712294057
0.007139085066027006
0.00271089929578128
0.0315901040676281
0.03163792057801188
0.0003104151234320407
0.04186147956180407
0.03134925089952357
0.0044733948411027
0.026778137240533673
0.008796559059028552
0.029705005590153034
0.0021244811024858385
0.048371808493898286
0.018679605797235297
0.08849076227763135
0.0019999174504735187
0.01867848542314042
0.00430500414902653
0.003769348093703809
0.013954267743701499
0.020388222969224688
0.012361135070825114
0.06271665516027077
0.002526972000221284
0.023184438197817715
0.02847422289790456
0.003081203412149213
0.007780495689539881
0.016337646852410025
0.0010643417965653771
0.0014153124577327633
0.016077275018281188
0.0018961116562335476
0.03561087084360251
0.015675663291097545
0.03215034366179331
0.023455305172567085
0.0013763564747902557
0.010002482090192888
0.014170132327718635
0.03095706175324906
0.017727081085902274
0.003517803401274603
0.013118225832745549
0.016211904620004543
0.0630305988943914
0.009744905539520076
0.01460270217138794
0.01117454871212371
0.013989475395578693
0.008218470719617715
0.0008575489895205835
0.03451466563095999
0.0150378381240096
0.0088408436292023
0.012194908382546513
0.01486138359181624
0.0446823991008873
0.04661285724701917
0.01438865313412816
0.013255620394183328
0.00816177000549585
0.02903390049623836
0.018116190789299713
0.045365448763683584
0.0025830269964365288
0.0020702238759031854
0.012129072292643426
0.014077967981988022
0.012601025016547075
0.005113416948330365
0.013944242965759444
0.005942821748816419
0.03473284549683399
0.004045922584363424
0.08416283957221724
0.00743125021649538
0.008279596645222142
0.0123535150224302
0.019868489764147606
0.032598076724286766
0.015464337771459204
0.0023951140911127274
0.023600786638619184
0.010331091541458228
0.0003968029973818553
0.05262021355262215
0.013229453102444453
0.008681380050755807
0.012829122177210803
0.00934018275272275
0.022117863902934406
0.02182582439793042
0.027677638550275063
0.004241385372626342
0.008468719402204887
0.006672587303428991
0.03732857465031609
0.019896725515444705
0.008469812255367668
0.006802704105989863
0.012661372501998348
0.028279710398204275
0.011637710382765551
0.0021525957672382506
0.010221903921266769
0.011406866630661698
0.007394352939024491
0.024757869633416016
0.03189512683678337
0.02009653979875149
0.02923983234961026
0.04246691993153847
0.017808845479733434
0.009763187417081707
0.020756354063393993
0.06598525623905249
0.06569702132859401
0.034112506190267074
0.016110627154746097
0.10030114333635379
0.015317439088402078
0.0045372589493818975
0.020767757079428087
0.012853533857888424
0.01095175594906222
0.017322786182200057
0.03577810997120799
0.06361316587564374
0.009204653226490974
0.012824680481896958
0.017765564300733176
0.004336815166035676
0.018084367307099135
0.015241758763165615
0.01783493892556366
0.01458708163478848
0.0023322421387605642
0.06261650714668454
0.004659221915769258
0.03764008920010241
0.0032210969727702056
0.07107164112187682
0.04532062125372091
0.0061212328076483006
0.0028313152172344865
0.007253560072628127
0.0056417390241913275
0.03450137766825122
0.018099814256464546
0.0489770789410862
0.010415317129363777
0.013949202256913077
0.051402573126262556
0.04080786243383139
0.05994593210419411
0.04561534086601928
0.01694547965843408
0.008750035533352622
0.003191625619080515
0.005740567352251059
0.05914844868218931
0.023792975214620333
0.029064608183232754
0.002982950938052845
0.006638575799866039
0.02155907266971595
0.008977757874715542
0.0626257824430329
0.0239130116265508
0.004942719338479496
0.0049480622473829184
0.03272534059115515
0.016339949919208067
0.005010921162706344
0.006100557392947454
0.0015650927930536695
0.008094466130955833
0.020996869913203875
0.004249267096759302
0.006262031113712851
0.014127447097671476
0.011594908353427144
0.027435462870549928
0.008812725363225664
0.0234257815994587
0.014461003158880208
0.007453771151976201
0.0028037293886183285
0.013109028007795596
0.0023055901694632296
0.018977060609741938
0.0026724971825242655
0.005724955698983125
0.006132208877960386
0.060070993946578354
0.021865035885702704
0.002579213219458947
0.00124893042016483
0.01070153597998101
0.013111977814571253
0.025816518235261432
0.002707585191843077
0.08843136185435521
0.018169943660412382
0.0007635008318088312
0.01647834512334442
0.00342192365418804
0.015567361096596991
0.008867788844666118
0.02237603415820664
0.010987269385040101
0.014250794523755097
0.029081867925999226
0.014465799263396924
0.017220132425330107
0.012763199384411318
0.013352867596769374
0.017450615498925064
0.015465921469811001
0.022572959762193905
0.027725764370942294
0.009778553790112637
0.007601999564141839
0.016013021909103357
0.013370805776515724
0.011163435002997145
0.0008204674679442149
0.013043369786466317
0.0016405952845239286
0.0007942062180241696
0.020237786438416946
0.014873666519643539
0.002731343484551193
0.012138525754548766
0.06033989421251185
0.01286065554632492
0.004362207166060435
0.02058059517866531
0.003469286652312741
0.0025969615410136792
0.018680380690118046
0.01651827932507639
0.006238906265489039
0.012527633501471727
0.005974413802271956
0.010847451411699896
0.010154947579662977
0.059533846283394844
0.005347859947648417
0.0026049505702264576
0.011238497204308267
0.016439830076176047
0.0030603452693356366
0.011803260920315988
0.022799245641032737
0.004567915420385528
0.003310429468829337
0.008165240677468481
0.021116700668596656
0.035798034424533096
0.015668992532824243
0.003316484040427294
0.00443513795583644
0.02608330050409474
0.002385598265612615
0.06132881695217923
0.02203520689847725
0.0046215449412646764
0.02772901971483392
0.00814769559750475
0.00585613259514613
0.009948126311838817
0.02550085420861828
0.018432237538444515
0.022975634188940688
0.0022805608719773554
0.015060589278719262
0.009584837277721386
0.04432161249692546
0.008440585655208563
0.02029870238515703
0.013744332322432138
0.006801357897304483
0.005699008714735029
0.019195879750783556
0.07759881011958138
0.004558236907738247
0.0018698294474925417
0.014584246025003127
0.015837769160611123
0.007403807483154029
0.007287563111655442
0.007374664631318872
0.017258945733462077
0.014609281872710244
0.007038264862976399
0.006960425222635681
0.004615638011009522
0.003521241879844673
0.006587279103614665
0.014995291737103105
0.013804129819968087
0.009969745406795924
0.012991398417951945
0.0022049002001178794
0.02067233729553147
0.009116372384327777
0.036761128154457416
0.006202878869749904
0.004252429174052531
0.023496042342915597
0.000363516858153369
0.04005100202198594
0.01793108515866551
0.0013260246417118758
0.008267400869248803
0.01212225482585055
0.019168459630246142
0.007592855537776301
0.014523845567944758
0.021947556526630094
0.04320747905697647
0.016422852277325053
0.0038661893168490057
0.02450241067892257
0.028353765261082957
0.00575094834623098
0.010680291496174488
0.0014253331427410984
0.008734070246970371
0.01993008809540591
0.0005443554667516474
0.015154380592370259
0.005128771354903902
0.01596701457712014
0.0011001120413312456
0.019461014916918117
0.012186986221259705
0.04729850458604171
0.013217854897764414
0.019933334903362236
0.030135200475890852
0.032718940167705
0.03832002885255316
0.03971758317408506
0.009301087839737328
0.0024274715853225596
0.016585033528695458
0.01727544884974007
0.05036699214567197
0.012216669873520016
0.009303188224572396
0.022430742241105656
0.021219084629449016
0.0061400556443586335
0.05154254421578475
0.01790751243093171
0.0027768319119327966
0.054167364724149895
0.06973735812607613
0.012341670229126625
0.1290609337370615
0.04688769785544035
0.003338754491915937
0.03498394608441695
0.004384886127680789
0.016794870295374013
0.004046291411257059
0.0017479144670966146
0.013396807952691112
0.013515776172935283
0.06934093330483082
0.017256293040682543
0.010670381836334158
0.04128271747689333
0.037019277337059495
0.01112977959493641
0.00618269657128368
0.007186928911992506
0.011417984532261536
0.006322302097282696
0.015001702030457562
0.011777984204871946
0.0027701108049590422
0.0011900778379331648
0.012445408394070209
0.006545942900500848
0.04756067851781105
0.008019375848462068
0.008661154716820052
0.009115076146098253
0.0019717622533931547
0.003986663904881561
0.005013789775958879
0.004886342518389283
0.049394346802582104
0.004963908976488653
0.014961973933513636
0.012083784283698813
0.0052034468176392745
0.022984146588641795
0.06491076082213836
0.008355941086756047
0.022955532040871928
0.00983258386715658
0.009397563919057435
0.010123107008921233
0.005144025215411818
0.0326235348681329
0.016643281492093435
0.015056701998975243
0.011913496329433932
