0.0023269945869537063
0.026416984444102946
0.008511170528607672
0.022308472519788597
0.019553464645209014
0.008120345610157221
0.01082055706481831
0.017045018197174976
0.004811936510274372
0.0070411416941745545
0.009999282095731032
0.01526384968886322
0.011736178471734622
0.007785018947441988
0.005560135805826743
0.002380998841629071
0.01822684347937456
0.000960488780432957
0.015727538220341113
0.008002542452821015
0.005535108028761203
0.02255972664689016
0.018795596656051114
0.012759607192135874
0.0024235889787859563
0.006781332585222819
0.006441816609413781
0.01413736652196524
0.03591922799664048
0.04237132673451396
0.0145196892531508
0.023376280504114506
0.0011119820841259214
0.019424433257586592
0.0073816377968351395
0.0023953943576499326
0.0007124990588113777
0.0238944241058646
0.042012012281894044
0.013853983110395415
0.02339966709813709
0.005454402186249235
0.0031073083710886212
0.005672195740700752
0.008678052835222674
0.018576792640435425
0.00534447888603523
0.009642761486320095
0.0074391913885447445
0.006454641874405224
0.015941913196648123
0.03928395164042551
0.017346813544729892
0.006751193362103445
0.010771690382402182
0.06708867388796447
0.009032552040425875
0.006818675830862116
0.010049724525320195
0.020411414118422504
0.026772730242445367
0.0031688987760387756
0.002818967119515925
0.0033751419737829587
0.02219376904155488
0.008207082688819957
0.024835684197573437
0.008645867270036944
0.0317466737857585
0.024529893099185098
0.03221533918390657
0.008345873680472474
0.014708874646754057
8.876511255225888e-05
0.010932419928152616
0.017395558367047335
0.013242723327606247
0.013726326684745403
0.0033674240390688223
0.005683943094933425
0.004939984695374906
0.006868147281073381
0.018779882839561675
0.0018021282683264093
0.011670468791213603
0.02001279576704148
0.02738182545821718
0.001371645873947589
0.018353404291417037
0.004365646942722687
0.016108100183426843
0.016186354800679943
0.015443664500037754
0.03240314202757274
0.029101620499735244
0.014234189119641218
0.012185546811641954
0.0058606948365453205
0.022944977967954784
0.041268225446712575
0.009611773593941145
0.008200384370630785
0.03521136961133529
0.002387744155485618
0.005801740836729804
0.005317954721361542
0.004113838840184812
0.023332580255918233
0.007182766467164877
0.01876255804421305
0.00446304340461983
0.007145980148149174
0.0011231918421258146
0.016916627299592344
0.021786676775362127
0.019117691508533197
0.0111679841667753
0.0020353688043051946
0.012437612308951193
0.011189259318139206
0.02415449024999524
0.037672062999509835
0.029923128162689168
0.0014807915594970238
0.004657989391345245
0.03178421479115379
0.026960008912608215
0.003528063541450348
0.004364984264674204
0.00860315737398958
0.016562457795460218
0.01070943460977913
0.015437602231001919
0.004712883446223275
0.0206176138623194
0.008238529728710631
0.027430055164247305
0.01790503597438158
0.014714843990532382
0.011368326519875292
0.002124127273456366
0.014407880472634738
0.019492704801723045
0.00256245566541338
0.005782203045293223
0.03509761766512265
0.009410548291327248
0.018127692743757383
0.009746896809092867
0.002309267543875536
0.004174858578751455
0.009915383123076825
0.033892153899245325
0.006602693889628209
0.010704138805028612
0.0028523432783153406
0.042539465155167135
0.007492676582187138
0.005429573368718973
0.0058237307892477505
0.0029461432249473017
0.006733282696152236
0.0032442233663103064
0.02459636409309977
0.006079728047253281
0.004730547440425159
0.0015990557239079278
0.003926269245717579
0.0022121575673703887
0.009667852777137609
0.019626372969987285
0.0024581850501519376
0.0031096129076682924
0.009432772480784696
0.03426679531654975
0.0055344559461934255
0.02130732036328048
0.02029284548152508
0.0028566467582204283
0.015655201185672266
0.014373369789467162
0.025417581016847924
0.03225921380924663
0.0020566531822076134
0.0008963834686572403
0.029542392645276343
0.02174762053019636
0.0026402228010175325
0.01857430970359104
0.011601472746939958
0.00878825917316351
0.0008974727894710529
0.022413075677639522
0.040981852156001385
0.007560390089659915
0.01665627342960134
0.00822110058166385
0.0023283069110056442
0.043292732215631645
0.045421378576375175
0.028563212609967973
0.004346743447369219
0.008708010487177825
0.0013863459712015538
0.005481139913016531
0.002303218690081955
0.004437364405731213
0.008247716692103665
0.026288242694701577
0.0076597135197563745
0.00902184144332864
0.005762665019336909
0.0024223785535651297
0.0020821901321045793
0.014097647925170202
0.00828471171577721
0.0029332383261434143
0.008348612729373666
0.006845832395029436
0.023029365887033918
0.024653964323355062
0.0011262731999653478
0.0018116033995173007
0.004306017650787011
0.04660062784078675
0.003715195723969492
0.025281786466055025
0.008602361256397411
0.0036704840523005184
0.006567369530465382
0.007161074779094773
0.0054648938876060375
0.0396669299942735
0.02464747600509519
0.015059849851591289
0.022632310147953055
0.004477718578598884
0.01019633322448717
0.009209293462453349
0.004652513202163322
0.011558024126091726
0.03817799880663613
0.0011651452303446273
0.01328963235456203
0.0040286382619974595
0.003911208329245395
0.00334035316454896
0.0015572859344250949
0.018406801216344856
0.00831272025689118
0.04691489114252167
0.02113597493321281
0.009243488209886106
0.003055022624055503
0.008464496043719393
0.0034575927403687054
0.00040123511828627666
0.02429167012277521
0.029758219802661266
0.0032809548815828397
0.012810561865495361
0.00916223664501747
0.0010807312249021528
0.0035407817355324702
0.0057285555114170526
0.025149079824555158
0.012969072019300412
0.003954319920348174
0.020098948727926683
0.003735694830464112
0.008966719120468382
0.002575384176248027
0.0010807312249021528
0.003560573896812922
0.018078152277216066
0.003591718606726327
0.0019307842214972683
0.01309664154960283
0.002094576970814851
0.004916134953265127
0.004575709647888225
0.011827024965388464
0.005400790594461361
0.00446006258225265
0.009881861315357978
0.018125006294924726
0.030687511530299603
0.01272292779543661
0.0015915737986448406
0.00860666849696482
0.0019796060301849223
0.003712591035409741
0.02081382722277961
0.03142172795550685
0.007609135201311677
0.02236591890389972
0.007260378583195666
0.0026729485022174908
0.0359457108583007
0.011935609471834885
0.004672393130278983
0.002615185554233648
0.0009638945582234407
0.001643974956945408
0.006746524711553166
0.007691734933447015
0.0121071661176776
0.002378095924455722
0.013489274487175094
0.00116883056238198
0.0022131538748978805
0.041285044570600476
0.0018219739488099138
0.00889744593987934
0.0018737948046980274
0.023634561952220155
0.02274148061356772
0.025746472689912096
0.018358002509626527
0.009773682547616935
0.03511502019675892
0.013868785849346423
0.005954540662875875
0.02186386498673857
8.972984254132887e-61
0.035445214550179335
0.004108168198805137
0.049106031950223214
0.004816029476379926
0.010997993223199958
0.017911949917925624
0.03085064658701202
0.002585001693603033
0.00624873070256449
0.013722859894649714
0.0020647492006338718
0.014145743160165715
0.0016726663710392431
0.004310351204696702
0.0054193831037306715
0.007794585660419725
0.03454775952635509
0.0074828980680572785
0.004643296530592054
0.03425487978831267
0.006644659740639045
0.015387556679370236
0.008980297597719109
0.007862399134139797
0.02548992160937441
0.014822735478827126
0.028918982953842924
0.007868430176206831
0.03642898979356451
0.022593322422420965
0.0020963365517316247
0.0006928891151385888
0.016701978997126363
0.0016571885485816026
0.0014241477128080484
0.0036307736040802714
0.029085396370798166
0.020191173887280266
0.004303194388243972
0.004340452094757443
0.0013375537506381254
0.0031766912121008644
0.01043189009791269
0.005391802559734861
0.012452705007644728
0.002840797332807253
0.00766924602735017
0.007671494213888603
0.015030785059471728
0.022277500304911685
0.007863756039991277
0.007465473249917541
0.0014011814340063513
0.0023500310715766047
0.05330462735708925
0.0013708749616522275
0.008335443758818077
0.005215308782328032
0.0058563586465982505
0.01623838273440843
0.01197423364490304
0.013685022636615158
0.004566453948837845
0.019067687964500868
0.01615672760695815
0.008857726340484534
0.008110016794949673
0.001052915365945408
0.007663335551954435
0.00210294159895161
0.014291287582103672
0.024749433141732644
0.013909198017039057
0.01549631978219244
0.00478386445495467
0.0016623569107661886
0.002662028130439136
0.010199318028916578
0.008619417423126389
0.015398903736742053
0.00026788555820259915
0.0011549726281230507
0.006751255635977908
0.030401555920340564
0.020718396368025624
0.02817036588169381
0.01273966609060754
0.012952076873245842
0.019655265545490585
0.002297351358153398
0.004642491183215675
0.016056908129628938
0.025781545927749488
0.004133309949678475
0.005221424065414738
0.002446456193000421
0.014088143122907506
0.014332255636625709
0.0055660871971606515
0.004603309279275677
0.009712093564157243
0.0140142489080729
0.021346598360580307
0.0355818190773863
0.0007648287313913831
0.0184415101529859
0.03031334470979996
0.04979266230801346
0.011441713081658112
0.014529901536142725
0.0022068061723113422
0.002580432020324297
0.03311346586780677
0.0020210766179078604
0.023478440661090266
0.0011814463628975422
0.01628847276662724
0.046946449667670205
0.030194775281574653
0.008414764790032924
0.004398843391998845
0.004835726696398649
0.00792554263698114
0.0006245187657650043
0.01167293308862743
0.004205448061279944
0.01259253118058895
0.04657843504368275
0.0006956818047917476
0.00493130706918103
0.037443201136789596
0.01043772213123854
0.00718239981840476
0.002399314083437718
0.007854778827940964
0.019599524565031997
0.016182671664332238
0.0028670086952223882
0.0064784778908417015
0.008721538822393068
0.004757282912712242
0.0061173694071134125
0.0748339732003062
0.004026528591163625
0.044763058233074304
0.0006911369248150319
0.0016425879044799144
0.01472558967746902
0.028445572896855544
2.5648237391642747e-05
0.015128810236553209
0.012280188814066855
0.015602435772275608
0.0043305165568877785
0.002552858127134897
0.022145057576260393
0.003262125536721475
0.0015568344629089343
0.020904182193358534
0.0018730143558313866
0.023444291550776805
0.012202664844845027
0.010593166577582507
0.004515814157238936
0.006454470949695192
0.0018635248661945127
0.023663610361100373
0.009663718559107916
0.02140839659463139
0.0362004063818461
0.011681471375811343
0.0117697636164369
0.0069592595018012566
0.008117868565381612
0.02422122016197144
0.02533633276268151
0.02151006987560351
0.003038579643261693
0.027701774358216663
0.007948873203501176
0.002282150737736869
0.002859541750151888
0.01085113213861831
0.013917310341165641
0.011758140520640276
0.018866421493296377
0.0059001224475398115
0.001412575328214336
0.002623939003999479
0.05534843674139682
0.016693551999111166
0.0033299238186432797
0.010079191319305422
0.01599534676136719
0.015259952621467246
0.0026347457678358513
0.03810742985162694
0.0030253264184687293
0.02103538661330168
0.0027575061244102528
0.0290699992683628
0.003299560180899247
0.0021968981255524197
0.01789293076038828
0.01679007125671996
0.012560862488498416
0.006160550128381231
0.02903874229535956
0.0031227136771819495
0.011000438202861677
0.0035640018335486075
0.015311098230381473
0.01188859372308052
0.003358032373840863
0.005500446804388532
0.014275415081685207
0.004287801878594999
0.005920861938445385
0.017773824884591692
0.01932854954767592
0.011080827412488583
0.033911921418250925
0.002978770782218506
0.0077884383738241894
0.0014013902757432964
0.0161506110004971
0.004634261926779371
0.0014172933282936152
0.011141295076863279
0.019874357063244787
0.043370186064903345
0.004404764740484567
0.012301512747703766
0.0006495535959982779
0.0043947534014399615
0.006996222894507034
0.012371976095494775
0.01308866945034474
0.06033365097676321
0.004234796081951523
0.041321113033905246
0.0007972969863311573
0.0008549723428067569
0.005599030348002661
0.0017508508180522702
0.007144048422220878
0.003751884790096746
0.01967563323178928
0.029715757141401115
0.06295039971288932
0.01165362482578493
0.007853791678180221
0.0010349993103303714
0.006637009061770552
0.008131472250510545
0.0067545694919572755
0.03013440557201432
0.01554665982318767
0.007470010947921159
0.014100990458614092
0.006074719242550876
0.009810932042660016
0.001716150645930837
0.0049776566395864225
0.022492516314932366
0.02071299325462393
0.0324544411780941
0.005963544078499168
0.019130187030852733
0.004126864111897285
0.0024252770182529872
0.00529005583547849
0.0019148327304203034
0.010762638196164227
0.01683146743999192
0.0013901715354100864
0.004480723849606168
0.03843757885859588
0.002936207273974371
0.0043120466008919256
0.003223133570741475
0.0070128143156401425
0.022939071651299985
0.0047466977089239935
0.004837166585229844
0.009041247961419604
0.0018881113927505968
0.00297844527493649
0.0012549948431748487
0.013555144180155675
0.003942899608539235
0.029403012881329176
0.011556626454979603
0.004911437353900189
0.0020511826854686197
0.0016282561892350428
0.015157943669195418
0.0065191874491287586
0.009416210847710311
0.01601827538387435
0.01225100170988223
0.017395308143526182
0.012158518575774428
0.006098493255436493
0.006327280884169795
0.005757462409224093
0.012556280586632588
0.011949328286985573
0.0020476683961060207
0.00492112159305253
0.011564458264237139
0.009677809267747493
0.018736148599442073
0.029231907416813297
0.014584921044333822
0.0170469842926124
0.002676809486326629
0.011265681844858775
0.02268222886938539
0.03616900244088577
0.02663571035054056
0.013388756333176847
0.0043026892211583635
0.010375560532052797
0.005740835523402276
0.02955982136740839
0.0008001231300397728
0.024038599754125166
0.003478673931083387
0.007830095767713747
0.0022818374042824583
0.01405086807739877
0.015339659407866656
0.0018962907185280855
0.00950809952165122
0.011997862555078018
0.016873123486343896
0.03427955185468448
0.004855401854099092
0.010713259391054884
0.0025221731928261226
0.00704405821749934
0.015485497348857298
0.008882310848042021
0.007405567638379746
0.0017509739337974366
0.01120670528426045
0.0016017869089059939
0.015624898536829785
8.972984254132887e-61
0.004305554407944646
0.010340557905445481
0.007008430457653916
0.007075311448907543
0.006241921757943498
0.01605946249197785
0.018237199287539772
0.008265447644542751
0.03848583258680787
0.004548470544860414
0.030873794054498555
0.0037643592323199694
0.0225499577284359
0.011613075322680856
0.013118696487944162
0.03403720554320756
0.002570797203247918
0.0008963834686572403
0.002663173641430689
0.0405155245281297
0.026486573160356512
0.044869125443497755
0.004503049649795066
0.06861239024300751
0.011112254489400059
0.018643342017741503
0.014307623699705476
0.015184520824797406
0.015446665689455184
0.005675156662888209
0.015021835103171913
0.03376658834821326
0.006795393563677391
0.00175574557236685
0.0011497947609427634
0.014756827320319327
0.01175054592458344
0.0029168818296501143
0.007306887743144326
0.01845908114441767
0.004357716248481392
0.005605956594890119
0.003920483538650142
0.01646054553051434
0.03809059939035564
0.033307371089754685
0.011227579824356813
0.014092377673363111
0.02651990858136426
0.012920344634506465
0.03274097241075797
0.007943550153909285
0.011824042326815267
0.0023722308053255353
0.015285037697607683
0.002420544946331695
0.008684666868013717
0.017858648752788236
0.006593700540513218
0.0048907481302867956
0.00556280271438451
0.0029968620609948276
0.009165154872633528
0.03292673748730084
0.010230742391773505
0.0007912292955321157
0.012363297093780206
0.021046669976025625
0.012642742994019043
0.007815749682957743
0.03181369960998679
0.02106523020297597
0.009029415481019194
0.02056116562924355
0.010755643902965337
0.004543360360199366
0.0031030164131183773
0.0024375950660876808
0.024044777816884074
0.013009321447099941
0.006389821925166076
0.014265388457929339
0.015282484130697235
0.00906212446568189
0.005614258491285313
0.01693616381585322
0.006515121414885919
0.0009919515986841821
0.006499710099079517
0.015551923504411256
0.029083551965100703
0.027883786644058453
0.0008018192157824651
0.0069515030116312215
0.008800865765873437
0.00221020589961072
0.0022276439891708295
0.0016613631102729315
0.0034450591476438922
0.00115922900225027
0.016335811540518472
0.02626610221720706
0.011477801820527427
0.0015635725314553685
0.0050366034385659775
0.02043566383967314
0.0027343674754959735
0.007244195756056292
0.0033777771815936275
0.047564032902999216
0.005963366053168408
0.013942735734823635
0.012715112090941692
0.04643357335988929
0.01257972065159589
0.02961799218275103
0.005072326091736298
0.024849917131307582
0.0019314589537760564
0.032883937071143975
0.005727248514675741
0.006261982750309727
0.006016116111210378
0.03820679221067127
0.00863065814027129
0.03675965750435388
0.006883642845005713
0.029400539983746705
0.003230520129253917
0.010172134682968204
4.549606689232714e-05
0.0015661173962707876
0.03393099907251904
0.022931334682812533
0.0025653992308558413
0.05369035592401833
0.013725771024263027
0.003083629027258298
0.005278616892676877
0.05781421433127855
0.017787934804177157
0.0286615934402165
0.0017386962827664542
0.006801501462899423
0.0035385986364378725
0.013507661339925614
0.019786748514004384
0.020488974818727673
0.020897298751129677
0.005314045109882291
0.031359227440810065
0.007998283977532892
0.052076446265118
0.0021497354670373865
0.007285657393623709
0.008844832306034486
0.020036012305916107
0.014778372415484443
0.005262065927027416
0.0037773783977232945
0.001204044063745754
0.002097258900172277
0.015945205074895993
0.002943151862810909
0.004129137979449561
0.008996292542703899
0.0017255514554864512
0.0334562070960737
0.004344631088726392
0.0025584541809908707
0.0033819548582713736
0.016510392479221543
0.014028845543588072
0.022227811473788866
0.019314969419087235
0.004478706655965395
0.00028746370707128044
0.008996501405445669
0.011844924202231663
0.015213640425831693
0.003879236696329488
0.005524334804424219
0.002425139837505214
0.0005590768965733834
0.011526481979289745
0.01294092991208289
0.010966420508460266
0.03270909408481174
0.015100957853159677
0.013713176265298655
0.005640079659657161
0.015665499179238717
0.004874288335871781
0.0015037875114178167
0.0037750672549895473
0.0034848002051298516
0.013339369234622823
0.0040439408300757965
0.00996168785800567
0.012545111979649729
0.02712938994693931
0.019339154883801165
0.014516829906292604
0.01695384392012528
0.006262639444943606
0.014766215920521073
0.02308653718124862
0.0015219387765188117
0.012996785390598412
0.00527763303765855
0.01066477337692188
0.018145820421778258
0.005975398948922688
0.022766691375794817
0.014031798171664875
0.0005172719046412884
0.003604186457921126
0.012750234519053863
0.02120996396143264
0.0050461068834749484
0.0011119820841259214
0.017643109842587497
0.04933267316803457
0.009339246762195781
0.004761155258492958
0.006392887184481842
0.002909595083169572
0.02981035858868639
0.027253797896979595
0.009615443210852474
0.007805304054293131
0.0057143508523708605
0.021927418282413947
0.004752497328616769
0.008562212776526088
0.006829798868519159
0.002130713826007501
0.021319966510071998
0.005838998486786301
0.0027420622608482505
0.018470547422070736
0.029491558567359005
0.001986306463461797
0.0028154840208464015
0.015247718021968292
0.013259371414405877
0.006108520027656979
0.00833850691574632
0.01036701450762267
0.0014740596269855574
0.005849136610983531
0.01520046519853804
0.0028185495090882894
0.0007359990196832483
0.005258364185536399
0.0064350330575662544
0.012294517699098312
0.016757157562373802
0.00832746479907707
0.0020197964911060737
0.05044812939763656
0.056249939656441095
0.005193836546032297
0.032384490618813135
0.022613350007477998
0.025343255754181147
0.00461379087377749
0.05550343081213286
0.04772892615968269
0.008167445262284332
0.02838995091093817
0.027946195918602448
0.014297946777327649
0.02790075847230152
0.0037711998086475598
0.0032340154002838185
0.008017317620810838
0.029742126423894774
0.024350868335683663
0.0033288398804795106
0.005777933055786277
0.005411863343520222
0.0034975255301127324
0.00505728023992035
0.007734361168224466
0.011512145058462465
0.022945628263464187
0.01687660507149561
0.0017806054139251264
0.016549070216528444
0.001418900876447209
0.0036284379819241427
0.010908753680790554
0.002930806224961411
0.013558480842310263
0.016179335273830843
0.015137185381488649
0.007951132671817756
0.019646144388051477
0.003494126754628213
0.016622321297972243
0.02516177611793043
0.023043482653064207
0.041773072794687616
0.028292652049869572
0.020200802042685092
0.012152445708462087
0.005403379695955422
0.030560409272681964
0.002409033529384515
0.006171393972081703
0.003840716815711792
0.01428734551087185
0.017098712552219536
0.018332695660504012
0.007234123965559802
0.023932599029458317
0.009169552240156554
0.009493679246005741
0.017047199484402243
0.007322922053292446
0.006223406964001628
0.002695705019431735
0.007757586514600821
0.018398698353620745
0.016455746777479113
0.003993203796257769
0.003951083356086343
0.005663300844037752
0.013412600195498918
0.0025540301860505965
0.01329736814634719
0.06607995849122231
0.0028145380951335452
0.025123963364789857
0.015106334368723108
0.07025916870135439
0.04658411099629757
0.008635500293980008
0.01481340792406119
0.009018002251994369
0.009997284957979866
0.0017343551080904593
0.020599708320525004
0.01082734472325684
0.022897026727689073
0.00851187442374705
0.024192037756981005
0.0017392356476729884
0.004509519139654966
0.006443167279758689
0.019105836688228073
0.011297460023782959
0.0021574511595124353
0.00997948250696795
0.0071440214214005945
0.013299677123181515
0.0033513068137186455
0.008362007480853655
0.0031770036793160325
0.002930579325376208
0.00708444782789198
0.0035024490242610696
0.004696826161283504
0.01924488887683383
0.004128048910363991
0.009987402893583503
0.02689955113248865
0.02015861128123407
0.015966196047362418
0.011032375231776073
0.021779020181688202
0.00522880905819565
0.00028712108379206003
0.003291070841676206
0.0051260438924332075
0.015391912204557606
0.007802543308871863
0.005731953368758767
0.005877078880034012
0.005069356191233863
0.0019984177087272403
0.00424813761906667
0.013879103992495749
0.006201711251852315
0.03982873715315863
0.010787325529008724
0.004549654045573254
0.0030743582105785964
0.02160307061814757
0.01020698093993341
0.023604341288564392
0.01276747904294398
0.003124354975959085
0.015187217640413423
0.028100623704882824
0.024591224250625033
0.024910404631738926
0.012320088295946188
0.022273493167332407
0.005816640510688346
0.005182360986468782
0.012606220194952295
0.005148076925561936
0.015972888712807783
0.006250314272920261
0.002170695642962319
0.015302461216025996
0.00504389409955986
0.006481036181754566
0.009606178429710855
0.0027695928965693855
0.003386607821216465
0.03487335364702214
0.02365850970890369
0.01705504914945358
0.023374065477657004
0.0019359518536681782
0.00015954665219272842
0.002386709788449537
0.002293646454997883
0.0008018192157824651
0.06390685565819922
0.0022596073779232854
0.024752930035109897
0.014114582428317465
0.010449903514458403
0.01379486823332994
0.012709904211168164
0.001446232742106838
0.0034006131162342703
0.013809329108038169
0.021792205894794185
0.0065023410440342546
0.015178423095646161
0.0028739470626768914
0.002019925025714991
0.020334248819173704
0.010990509582812152
0.004989320035819048
0.00022353935585508442
0.019008271773413563
0.006386739670814266
0.03384930767921433
0.002365128537587521
0.04671657152603552
0.005518347170318652
0.00816847457762105
0.0020487071215049895
0.051872054204122275
0.0335035864539821
0.0031292832101782776
0.015018978833855326
0.004612363255066794
0.003850571652292904
0.008296726759131458
0.0012706123753541258
0.00735229473013957
0.005290190376998053
0.010295417407228427
0.007555281975709124
0.006311842805872888
0.01299136559655077
0.024433044320791117
0.005591871699941825
0.007816270542439965
0.0038072086395284175
0.0097955791143546
0.013443894856013165
0.00670890669384599
0.01152236283107769
0.0024680346831425395
0.008755656223049845
0.003232933466285408
0.01860005917697604
0.008397490208022329
0.00903927008308134
0.00726488519126316
0.014340074956064921
0.0012604128404128444
0.009948675544822311
0.008499689364496833
0.006704632435463616
0.0001553874319508198
0.0031935877090391845
0.0107288576100401
0.034878910879128484
0.0015984544323152865
0.024046284591111595
0.023018874728092744
0.018535337147739018
0.03769528958668991
0.00249565811751844
0.007009751589854776
0.017266853051538838
0.021325615636235168
0.015559379109282578
0.0035150045136604267
0.03532422609617518
0.03226716204975174
0.006070642925260758
0.0024319614460036844
0.021775646521113492
0.021570746478029083
0.013849734691315046
0.010219082632464163
0.0046769551536486815
0.008156388325991179
0.017318419309176197
0.002908839997068304
0.04305990844978152
0.002898404813874211
0.01284499463097005
0.004303397656092233
0.0026599581877813456
0.00604173335420559
0.03266178134157708
0.011750859536902766
0.02791053661845285
0.02161525590615608
0.033067080184313674
0.03234466030967052
0.06845156630818636
0.0299202934613651
0.06601167908979581
0.0014336000984178318
0.01500119050962769
0.00433724824287519
0.006136837452262465
0.004079602028054641
0.002840797332807253
0.015377029684107677
0.0021225363561743066
0.020748329138875
0.003322779988419672
0.00895986762754048
0.030006434385030697
0.006346039732077231
0.015680798390100656
0.021130443316904432
0.017595194378702585
0.002960677765739353
0.01824826240633325
0.013749010267560108
0.008724965835935947
0.020724139540976714
0.02654266603869631
0.003574946333863969
0.022846955770283603
0.005456452663935043
0.01068073835604011
0.013061979919328818
0.014973065933022901
0.016887788080908864
0.014923719502508195
0.06449445679789492
0.001746055153141527
0.0035053510401134623
0.030450738131393252
0.004429851965291691
0.0015066612936994583
0.013766879780087027
0.006930590783622457
0.04028569057312939
0.01618973998098866
0.04291552982045266
0.0028559843623027358
0.052845943852721976
0.00450484628113233
0.01659356984803544
0.025743100816273453
0.026580464102084467
0.005639723701476494
0.0020471809659959542
0.0071005029557679455
0.003956887800081548
0.02761085310547359
0.004879370802280529
0.0016589961564162923
0.0030820155149963936
0.0022792567086508046
0.0009500833608813181
0.009304105357534648
0.01687509710500965
0.018821165108205355
0.0011780862550243032
0.020678502215040567
0.016866222599026034
0.01646998330329792
0.02626579886193084
0.0020952985060894275
0.006073026534786002
0.000653964969291424
0.015240278729281293
0.007040266428575134
0.021082759753942172
0.0033320921828414738
0.01200830843872972
0.0216482810885736
0.009017074207013897
0.016277520028604126
0.008546052784449224
0.018152270647948738
0.013817467271952618
0.006147797167814298
0.004325090706783927
0.015558081942247117
0.002783912881879483
0.015809637702166413
0.011057531848598137
0.015227659591797789
0.015119899837602537
0.030271917651508405
0.004529798576132669
0.003014739060847114
0.03321604845787391
0.00220893894975491
0.004149806422391243
0.0018611363038371876
0.028580559702352962
0.006176742232093748
0.004586057145057573
0.018648855289754376
0.00431468757193522
0.02744952772936863
0.008427641882808598
0.009883039333108799
0.028532906272267764
0.009065345369074763
0.028960131797658273
0.012328411831759992
0.0026682151195153744
0.009203968466790672
0.009692362214106295
0.0031676895720952783
0.01948460748653563
0.0028057875882959043
0.0007835270870398952
0.016017427749974986
0.00626577597181527
0.0112195556757346
0.012982675651245215
0.02475645063339886
0.005824638395146412
0.003982777540443684
0.011030163374811806
0.006686636419004725
0.00494848013077948
0.006122895665896597
0.01657878907796892
0.011033433257496193
0.004227251299292121
0.02832242718300128
0.002982095336008323
0.001052915365945408
0.05469116869454374
0.003846844021935179
0.026470942299437607
0.013760451098442534
0.00182418505376684
0.03237296774459743
0.004643606639436588
0.020622535727363066
0.009725204100338582
0.008656932388009247
0.011308373953908216
0.051224298407548476
0.01957415424669913
0.0021004329704700994
0.004799372472304702
0.0024333064386929766
0.0008303394444950729
0.00572178001888715
0.006876782321359497
0.01014261224784667
0.021293597512020954
0.009052917182368022
0.0067166760162765855
0.010198240013846928
0.00910485669264732
0.04534499970787074
0.0019676200323092133
0.0190429736106865
0.005819050870638838
0.006944700815660624
0.00880628725307545
0.002613600629277582
0.006434841408995067
0.0016547848114229291
0.024671961948323187
0.009796772869800283
0.0031537033590830865
0.009944390509372613
0.015059444741561328
0.0010894747384470104
0.0018125069326065198
0.033367357988836464
0.0059233146355930485
0.018041381205630303
0.011096492215217052
0.005185499627086552
0.009329885606586158
0.007200243623909076
0.0276001759016943
0.0010234590729616458
0.009411826254145812
0.010193264540623638
0.0037292794411546075
0.020338515912405188
0.021002219734494895
0.009487755995287103
0.0051774690790496875
0.0483143232935551
0.03704997323546953
0.01626754841007686
0.01161820247196783
0.017619940405492387
0.007355553898990337
0.0012228987274100819
0.013636156691167611
0.015758764731748788
0.014440298582814768
0.005147737727401608
0.0023217701552785005
0.06492004778730395
0.005915155738364677
0.0024973085962193657
0.010442098310470303
0.014693769994620142
0.023746259949839456
0.031293583536807446
0.011298808710570974
0.01259848558986073
0.0012488958241654892
0.002227111855281679
0.007550083104324669
0.03641588794230636
0.011905637447256829
0.00028118441223727407
0.02693084500913262
0.008610051501574305
0.01702813981624731
0.005241254405793948
0.00910109394627871
0.006358641989988452
0.0018071158228689728
0.0011499935259815836
0.019738175721061707
0.0018043280298740995
0.010074347630043865
0.005363125066638979
0.011562832964653267
0.007662322991482365
0.00198595253894691
0.016191468562712027
0.0027192418557833364
0.00398252876399832
0.009121029763278622
0.013763007840716664
0.018031607966739752
0.013898957024958684
0.007362143342502685
0.025809014356692313
0.014665736595167268
0.006827014589400761
0.005845628649671113
0.032436204252922436
0.0014524924836687042
0.0016117243510007807
0.0020714361566687113
0.007677760299956048
0.015460670466333638
0.03446905899077176
0.008435570064741087
0.006968654934780252
0.0113062698457059
0.01436874543298406
0.01961447928240654
0.0016639212846880035
0.016340617052226072
0.008443282476215683
0.012050961992832536
0.011092797864888962
0.013322420150838619
0.04303014228215873
0.01167229645722058
0.03193019025497087
0.022291392930523613
0.00188108488390241
0.0011242521645192871
0.01636852883322222
0.004448912599652717
0.03373492524563745
0.0020737105677532497
0.0031988521409723773
0.014828567676525947
0.004354144872313691
0.015138655780624533
0.015525320923986603
0.006083219341392304
0.013328015613417128
0.00363145256765546
0.0029857849541461935
0.004281368405611154
0.033182484741806774
0.0006992768387184771
0.004310363331135727
0.006788535460050737
0.016951444429076534
0.004379080059348975
0.004712855224760417
0.005456617281186727
0.026382546412430655
0.0029332383261434143
0.03137326241314847
0.009576762235484867
0.002698750765559084
0.0030049599924508565
0.02140822061033719
0.01889200759776672
0.001686127554275196
0.028743628654592786
0.0021042094501617023
0.034252446957235415
0.004257244540585514
0.008654178378482893
0.0005862224935944604
0.03981318899253733
0.005179818940413253
0.008060831087217744
0.005297577083787489
0.005102478134145044
0.03418471484366121
0.0030506997512291687
0.014127833074104906
0.009061693325330893
0.020549226690644736
0.008117956593996433
0.014779657593576747
0.013548883933126525
0.0034200383047727264
0.0015044374757609876
0.052972537114331454
0.040603320191783025
0.008303775471663498
0.0020599306707903887
0.05218673882265894
0.0018799623437049434
0.007052982927820657
0.018317912193825593
0.0022762114329036697
0.016018875189606676
0.0009106796101046409
0.020803726054507064
0.007983093018359111
0.008480085209939177
0.0034481550055868236
0.004093527097542047
0.002157010877663132
0.019180169332059613
0.0019165517054200074
0.009926148884670201
0.0011661600386393758
0.022498056769564116
0.001298399481324355
0.021252784020448764
0.007685023046842534
0.008157586687544877
0.009630890369574924
0.0028379246690382236
0.004848272905018885
0.010178827718693863
0.04113721283960493
0.01270671063643399
0.004136485548307017
0.021183002043306916
0.004291150966390458
0.005410438750501118
0.0030968255359872876
0.04763059274005139
0.002221226018979459
0.003780674522578268
0.0052347420646898235
0.021457551174620285
0.019846284531780112
0.0014533155782048095
0.010090326556121559
0.0014433418422283477
0.008621464460032724
0.0026072663360582602
0.0076163605479321415
0.009548890061964516
0.0037304199656385843
0.006726072822710403
0.007597435662903667
0.06556972122391264
0.014904557266899852
0.01816904452804018
0.0032292078875616856
0.013545005963156692
0.00593488028069284
0.004810870427504827
0.002045816117765326
0.00033338791469905216
0.022028817898087534
0.0038944869463001957
0.002244199513946376
0.031261801065267006
0.003978210328546326
0.029791970259667767
0.016612553944221998
0.019218336576613124
0.014139239326481041
0.0005590768965733834
0.025150455278577448
0.005634484368276336
0.004163118149636657
0.013556949107041331
0.0007178143868191316
0.016358403328505515
0.01959695189584272
0.08048029519161484
0.0034996093117236906
0.03993813920733094
0.006259205126304167
0.00612138661381481
0.0043474949471089255
0.017401583781172753
0.028754843824117606
0.0013821021620495516
0.0061627251828848435
0.010598364610006154
0.02512317705921578
0.007003132770801626
0.052827508319947744
0.014717389493674644
0.005723003322683447
0.013302676294577064
0.0321248720785821
0.028314594259548055
0.0038679401995730866
0.003920733453040393
0.014287671044275163
0.010259541532624582
0.013411835870122926
0.014277372360741036
0.005890102356960201
0.0028019650636304273
0.016951057223362393
0.0030942263670398584
0.0017555703896999946
0.015592754300708871
0.013393047151175896
0.023760079624814804
0.004074378421528981
0.010870861957592829
0.01143811730775949
0.004834274115233098
0.03799389080649477
0.005335714644606728
0.0013709052146392048
0.010699490684203275
0.026056479106425754
0.007026075627299131
0.0002710824894661456
0.03178939969823576
0.0007002153765941804
0.015673035255784444
0.032183063980147954
0.01136536201678291
0.009919729891621716
0.009195027703884568
0.024682188007334436
0.02834211940154393
0.01134389650415566
0.009526283715649788
0.002958138311380936
0.006693732349607969
0.06541629524845427
0.0239140693295555
0.005240196734063422
0.006746446727616553
0.02161228601118002
0.008825910314497872
0.00851429908349358
0.003544062859326236
0.023653952117930078
0.005284729842671861
0.012128339239646653
0.014642339054690442
0.048250479728681524
0.008021788458582509
0.023609595680889717
0.006161177773422026
0.0001553874319508198
0.02142530105190591
0.0026319466723055207
0.011843608479175247
0.034252487215785915
0.0027543573309346805
0.008959494626625273
0.0042287568243461636
0.0034515374322245055
0.02015534078542448
0.0015171410928333916
0.03564193132959178
0.0051401418816499215
0.010127433324235836
0.008134073769826562
0.007958530823806764
0.01532902743594635
0.008274965620284581
0.004408151576725138
0.004347281476334505
0.023895173681187185
0.001003575573946071
0.013073295412884605
0.02416195366873367
0.004218814213886028
0.005994061098175567
0.004889253617309062
0.0011076660957431378
0.007759103672648183
0.006839753423350788
0.008416462887149832
0.0058840546629814194
0.007964760870946769
0.0034506808888808316
0.01642641732128103
0.024924158573518065
0.019715779922312486
0.02116299560846932
0.025463722745356996
0.004886247930944176
0.008754461526630336
0.008465001253854373
0.009585402572140954
0.02259219475228217
0.02188197730585607
0.002704061086948484
0.0061112599218240745
0.0014792183405772262
0.0016956337991798696
0.0046072091295655425
0.023880128303806696
0.008472433467079087
0.0005899239206692516
0.01906874697440635
0.02235391987609953
0.009880667982357242
0.021195524264246333
0.007542068114183268
0.009722639424815126
0.011850681527229826
0.006375967575471713
0.03957543274999855
0.0047868770555595476
0.001571588537149017
0.01147402362178456
0.005260621414799921
0.012962760521131296
0.01424733710144498
0.002379569846987922
0.008544597798254398
0.002039320255008316
0.001686818857982828
0.014171711323658295
0.008154340285167757
0.01845114520609779
0.009550633448441747
0.016884003192206398
0.008588786370523281
0.04416573411130513
0.023682908802101714
0.0015984544323152865
0.0035025469117788747
0.017951786161771583
0.03206194011937109
0.017877408843309694
0.02934782050274177
0.004107445932617545
0.0014653400697980839
0.008288298830931995
0.02793599362152808
0.00501754205518488
0.0022853936875990508
0.0010250440407153882
0.023191332597711355
0.007504626719758406
0.019201084545539242
0.008352298428671395
0.020434610546512983
0.005767139058329066
0.005279326456226304
0.0025584541809908707
0.002764176994058484
0.009775484933089438
0.043224339470636704
0.0027704912944181005
0.010876103402957296
0.0377286548189153
0.014717114783848415
0.00928574433306748
0.00818928647218579
0.0015862205427517268
0.014581647499836318
0.05922144445518913
0.0052517571845324676
0.0044757224083413665
0.02643119108898843
0.001485129135373566
0.02647135213994163
0.002103424145264822
0.0033886989562579664
0.009268583590034494
0.006429357255086618
0.014514157289022299
0.02966712935223365
0.013915613680002699
0.026128307358951983
0.002698616375409073
0.0036939253670232155
0.006595791075510315
0.0020668297319341375
0.005565345668916917
0.003375141973782959
0.009132054085907719
0.014246766839730219
0.030013338762077516
0.0017009043048470454
0.009668921961856439
0.035935563900469016
0.027435420521149553
0.000783556070854585
0.024960480583645982
0.012695445787417138
0.0044562691734104974
0.00579052690103339
0.004924942380258673
0.0008006024124792168
0.020050644674941144
0.014257155632752809
0.006622155310584398
0.016954209353976617
0.004361056652543337
0.017737711044768283
0.017844255585735387
0.0017455756093333267
0.004013466508686101
0.01451186804443106
0.018130716942884942
0.0322083057321334
0.01980676693419562
0.0025568678765509165
0.016254957342645416
0.0037462167983224486
0.0015791639238575226
0.008766863834793427
0.037603167667290924
0.0035019655806485398
0.0073961605844567995
0.001984129311684726
0.012643713884412143
0.01609910089968456
0.011689714786410163
0.020272444730659894
0.007870136449419541
0.006177876761361432
0.011541524319854373
0.0027506946320800764
0.007430109741814201
0.0016835084217081888
0.03533572874975033
0.004540733406943819
0.013862041435851817
0.014708735991623274
0.019372114906252787
0.00348403568743491
0.002928161559022375
0.013946506161977098
0.010487080437132734
0.003666779131658336
0.004961652446980037
0.002757502941503949
0.00045027914510938663
0.030224233631941766
0.005828223964173438
0.03578013678582021
0.005512493940447477
0.04713922483299849
0.0097278083288004
0.004506215774014234
0.011647596516463316
0.035876901435035
0.0034845699004619657
0.009258087006536008
0.012711453899285905
0.00776731600701927
0.008327969438240084
0.005266718831738856
0.003756579687185632
0.005883389960121272
0.02243712083818847
0.0058557478262456185
0.008106084681477069
0.004514534105533616
0.012944594738862385
0.00971406671798905
0.015586586159102455
0.005280040021752014
0.016591101400438447
0.003692143609257569
0.0022472068804046423
0.0252038652087413
0.010869269352361745
0.011868856757834214
0.019249708788949837
0.03781501755180616
0.015375980073857853
0.014959261305237897
0.0064244889606931985
0.0035353061012379735
0.007006960096648721
0.004665340295489139
0.019909848012270408
0.021394028999228987
0.01969787409168625
0.040502375217440045
0.001400577925243124
0.041635650814399634
0.01427516343002234
0.003976043758017951
0.02063814356350808
0.005775107195178304
0.005512154799054744
0.039568004422868765
0.005754534779243764
0.0030727501793312868
0.012488238374165652
0.03328607957516737
0.002370427521416283
0.008380619221131716
0.011167170888656356
0.007454731465449011
0.03481485051372752
0.005188495668685975
0.0025370869117781673
0.0018354975063786909
0.006256942185494566
0.012793731845999811
0.029523887081858196
0.0064901476883214805
0.02196035854773141
0.029177656878575788
0.00369791998918181
0.005680828914738818
0.024172259525267904
0.013834675143466065
0.001466798031004451
0.013493221887674968
0.02754957688201237
0.023399396287821513
0.0007359990196832483
0.004610148831350813
0.011429284597861172
0.0022534215297359676
0.0027351677592407694
0.014514731461928325
0.009083379604222118
0.006038076972673528
0.005421563214478493
0.010387363112870729
0.009994898802352457
0.0015432010478583023
0.017428858348540327
0.07245184092520966
0.002745263932896182
0.0038601674827041165
0.014564750612329916
0.002612643335106568
0.0017476374548783251
0.008526979276832176
0.006661560801308102
0.007351780068997117
0.0029067624661397954
0.002806671625421943
0.03807358162106361
0.0037094107278726643
0.0023217701552785005
0.001412575328214336
0.00455389433549296
0.0031955392369541094
0.017773442667790903
0.027719164640536358
0.00853155433195948
0.019746986979721312
0.018644692361115097
0.02546645576532519
0.018170254583470397
0.029482054620165097
0.014051506058834007
0.017548876875787864
0.018354907416950245
0.00618642575040298
0.023902348481012158
0.005153024872441593
0.0057552894330411605
0.0015363770967514343
0.014630505877290024
0.008427716391524365
0.040041759704311786
0.008555416236116697
0.0009654114072450967
0.004779387022375967
0.0014995174546507941
0.007539891583839775
0.006633650249578391
0.01474143249961267
0.011588575889542471
0.007763592501565841
0.011054413597058008
0.009264580046629584
0.010956600725926269
0.0046549573597929736
0.03375355168085758
0.012019219860342104
0.031802967920726205
0.018911721028301316
0.0021053926718471593
0.012429742072340906
0.004035919836015723
0.011981348619202845
0.007394389597941074
0.006468415261564002
0.018839003142804372
0.013561797985538233
0.0007561356562947625
1.3030651822489164e-05
0.009224994779320662
0.003777363785903052
0.017728859595804447
0.03125197940152894
0.03519371556169604
0.009881786284074639
0.002100246855706188
0.023554069072502615
0.0165860478640309
0.006884380556062933
0.0031973645122099527
0.04282501617513564
0.008626776567792298
0.009039746223188523
0.017401140130821672
2.5648237391642747e-05
0.023315418728220516
0.00858931150622204
0.019893700927825303
0.014672387683619533
0.00479782950993442
0.025420232800252535
0.001436877894167401
0.0027487866101744353
0.009911247702928911
0.019476857493925696
0.006371491233503956
0.02274034570990774
0.0011909297238071256
0.021953834225791235
0.0009279202246654701
0.006003610399830525
0.0019719217503268004
0.060847037642737044
0.014550846827810549
0.015162510895819489
0.007076354579341556
0.007711125146503081
0.00712647016639436
0.00933650206006941
0.007169379846471756
0.02471115300095227
0.012979671767754372
0.000692392173058194
0.010137885736960376
0.00592776960120116
0.014394140160399083
0.0160652800024918
0.030134610901050313
0.0010918602160145973
0.007952866211718446
0.03276320145441633
0.015583427318968675
0.041199732002118176
0.018305949146778286
0.006223346374428221
0.015296446553935531
0.01835723677861727
0.0353701321349859
0.028847047850012835
0.009541548179874224
0.002458387058098424
0.005753222676810408
0.013328249595108106
0.0013697451685552146
0.003399364676273932
0.004924690668797687
0.006347020639850672
0.005477417547032106
0.02143993402384422
0.005517649369199199
0.03198748959830961
0.014628656228505172
0.016030116699009573
0.00995774821274024
0.023405214154353298
0.0025540301860505965
0.0040680759234707166
0.019361789024320616
0.031211585440959505
0.008824000291343535
0.012478537885096001
0.00797571594737233
0.011309872117587744
0.015136626481061594
0.0120316589864605
0.010148133911142204
0.0006701976003886713
0.03575496709600908
0.021965853304909282
0.001906724523989147
0.0006816324416092594
0.000733473336725379
0.021714645999105272
0.0022500233515072455
0.011178775577851179
0.015531444205849631
0.025584327088703056
0.013703496601737919
0.005761950019673758
0.006393480048457473
0.009157508677954031
0.02277766257023384
0.006633676337755412
0.007357899102773599
0.0066359096771434365
0.009277211235997803
0.010906379292837387
0.0018799332844749563
0.0144356221472128
0.004616928739922462
0.001151751218335442
0.0055841087626352865
0.008177972726024585
0.002959248815238201
0.018917460203032276
0.020591601050932426
0.017133144580956907
0.0025102258301345193
0.005566158603747926
0.0038305242315246502
0.013804712708623814
0.03286189279928444
0.004093086710021019
0.0006944269897632428
0.022851935450276636
0.03127350100883799
0.0032044198835598507
0.004119538466094603
0.0043668680878864935
0.0077631022161072675
0.0380545632331619
0.010856131745937744
0.005626860688246644
0.00921821462861528
0.000909273553015088
0.01148697709701397
0.016266524687908467
0.020244641967021474
0.002333571086961386
0.03615322302293801
0.0032469066281602802
0.0021757373089104216
0.006125141398622806
0.000460201930093086
0.017069531070786688
0.0073998522543630655
0.013375659302347267
0.0013719468716522618
0.0010921273186287632
0.001097464449202835
0.0004417176502019826
0.050549898612944094
0.013630993804605683
0.014121298911300876
0.0039031100567596807
0.00831990281526654
0.00020125535650264786
0.035714277958967436
0.0031157700565055887
0.04261382001657492
0.040155939217186555
0.001294332909314694
0.003906634548051112
0.009357393040364374
0.01658496475529739
0.011175665552644178
0.0051892640930928996
0.019255855784146403
0.009180584866912733
0.0019426859251226488
0.008175761961170676
0.03283378660921822
0.009100746376737459
0.016124864913744305
0.0133434305738611
0.0152816247841593
0.0210840798462184
0.01843746345254412
0.011813545101242287
0.0022493153143791885
0.012034001034870997
0.0011967943773023282
0.005358296885395132
0.004318185830579504
0.006203870313553657
0.01897690390569391
0.0021411720757138217
0.001910396800026815
0.004902830312199277
0.012767690898095804
0.004820622113883574
0.015207136079979169
0.00883499912133634
0.00371942779396243
0.007467990689930963
0.009120202403890894
0.001154972628123051
0.007954606632524959
0.009754433979597982
0.0011175649843887894
0.003745030386807865
0.10188854999640394
0.0006441833133504492
0.003318943799833746
0.0025496970462687164
0.00251315401197155
0.04149445918271465
0.012698948788946918
0.0014744250989211824
0.0077323098769949946
0.04472122163189646
0.0013231126381283407
0.007893480529994206
0.003420699446380322
0.006035900193312335
0.006162163196907218
0.008847100551372694
0.0015324178469727399
0.003175009177452531
0.010448313505129031
0.014177873616539168
0.007546676074452063
0.0018457155113402706
0.00965076110593011
0.014396425898727437
0.009790616184517452
0.018092545593559575
0.0032189871401580874
0.0004456057408346804
0.01965389474341022
0.001450408907302462
0.02815574199517953
0.01320344761838311
0.004834075336570635
0.0013709052146392048
0.030858877045237276
0.018120370606575252
0.0041100899057261485
0.04491925280872948
0.013017229017103126
0.00669752536699697
0.014922751680885693
0.010186255825732606
0.013021070293441614
0.0006570008949749351
0.0032165619458304146
0.000423008613065636
0.0028907330758608787
0.007990720811409693
0.017055864797855196
0.005219606071427373
0.052709838268158914
0.01261753324534211
0.009080943478366538
0.0020046967758152903
0.001814727985498962
0.011168497360260522
0.03165349576674022
0.0017913084388161027
0.03855451585417257
0.060576643466167
0.019971320270915176
0.0013748777438695257
0.01862316881606036
0.012996285968910603
0.015010659266895994
0.029832657386885255
0.003319445763349501
0.05612022582642105
0.003308976007715073
0.041368409263158795
0.013933916376824737
0.022770764106040484
0.013079925755382122
0.01367150400574007
0.006666806206062049
0.002238264624562491
0.011940320852721278
0.007543165564451901
0.014872102986599344
0.010812802101093616
0.021629312055856
0.019069065415854337
0.01522641325114432
0.010412081426909097
0.02823546358038876
0.0011967943773023282
0.011387901244368696
0.00482800303333668
0.034073609922920405
0.017510747968280522
0.024127866724595576
0.005485706881502608
0.009377664384206948
0.006262399820214002
0.033469690181324833
0.005941995057111714
0.007819859743685698
0.028617915148652546
0.008952026671840033
0.0046387738424642
0.019106845568121592
0.005738729707474408
0.011389441140466791
0.014903412695087104
0.029942862804002657
0.006953007413703752
0.0018416736107062562
0.014709456759289792
0.0039068155787970165
0.005476366979127242
0.03248884614399795
0.010701057084064072
0.006355003804717647
0.01821916663884804
0.008480090215133384
0.0016635180670138766
0.012645256678643153
0.008661144126314461
0.015336983101902651
0.020906023360260283
0.021237144682625633
0.02266792759395821
0.0018204339611428183
0.0062300456818425365
0.017343023335770622
0.007189029276200971
0.025840407484896223
0.0031907029831922807
0.0026402228010175325
0.01221646678111575
0.03580523615176725
0.016160848138334932
0.010704030624305402
0.005583774217045116
0.011027922026510803
0.020075204780221463
0.0009681191664822671
0.010182267956468122
0.0014609116172555124
0.004630947660133307
0.0020010815704729614
0.00983029375782734
0.0024760997295428964
0.019903482668269454
0.007097368145231811
0.013999981442160511
0.057692463778649006
0.009989255856457315
0.003065361419168711
0.0027196236820957575
0.002399731356587613
0.0079380212491183
0.009297859555120108
0.0027041284565183453
0.01684057886499982
0.006817950620651616
0.0059044833687703
0.006462647121608575
0.041663490200797126
0.006850117071882855
0.0033955705656886137
0.00837768058943577
0.052117366199485926
0.024256427547114226
0.02236025335202884
0.04735662305627086
0.013226374377937836
0.003212892002331724
0.022920022165204338
0.0014457149105513369
0.004488992158796509
0.01563390522724992
0.009432698224100595
0.0010154939223389942
0.013344805451958012
0.0015984544323152865
0.01662576321954907
0.008455736556589244
0.012941140779929104
0.0016186381519110702
0.06224100699408839
0.016729347146535928
0.0346605636789319
0.004098681145608452
0.013098421030443395
0.02914307356763226
0.014858633437710307
0.0017125543170106697
0.0035013934208056804
0.003390136770066178
0.010570396892830361
0.02037877886322062
0.01955912677006808
0.029327567651211296
0.05122091668377103
0.009865567571791639
0.0017578137029360392
0.0023072610945682184
0.0048030533804505745
0.008187729500945233
0.001151580736237801
0.01647842647032451
0.01716317152217013
0.010884113186946369
0.015856013269005164
0.012744394243881976
0.009957505389024523
0.011714986225518446
0.002581035874798772
0.01470310197695669
0.0035406074396517567
0.032221087586148923
0.0035261019965546095
0.008465937927732613
0.026833493580079824
0.004197320020121721
0.03195433528617643
0.003221066524968932
0.002080439456348174
0.005578379391301472
0.00887361445134921
0.01129440258292854
0.016756190776639573
0.008456835656701186
0.02938633538965825
0.04174040730379976
0.00524485415195743
0.0270493793230433
0.0008402291385484587
0.012735294671506612
0.000733473336725379
0.004893492866743582
0.0025656280924789467
0.00039896104851385984
0.021026090270460155
0.0315772707235247
0.0026524897150898025
0.0019426859251226488
0.024882926520351605
0.015171437112036263
0.003812685712402365
0.015745728619126133
0.0083962775761861
0.022505988302074415
0.003270491301606571
0.0054959225906861826
0.03020816755641263
0.003815412361097295
0.00542265704257626
0.010238294203866318
0.006921385096632761
0.0022969854806241274
0.0024868393600913584
0.0020010815704729614
0.018552902318924997
0.003709472931957872
0.004250051742186983
0.0024629151676109073
0.004175917663781148
0.04756895892574347
0.022013845524566398
0.02393489373465541
0.0053024681084774695
0.0028568066304245055
0.047603739234832645
0.004852847189503727
0.0014332572907584983
0.043353779488597165
0.012425508161640352
0.010258574026039788
0.004489924529998899
0.004802054633010726
0.015169919546989333
0.010335894078802478
0.014192018573239581
0.013447211072371389
0.004410320440060394
0.002279466100705116
0.0038763861540159167
0.006332073231833117
0.0018681539545102913
0.03117291777731912
0.0009367429451412442
0.014155662126733899
0.02140273369138452
0.011654146928463399
0.020564776014841253
0.008709335419533715
0.0031845506174697003
0.015853376585404956
0.010498651756760301
0.02059142129996098
0.004926353836388933
0.0626237228182476
0.0012419039992999244
0.03963851106898158
0.005755341351705
0.03578108995182028
0.03036122554831272
0.012901017581379402
0.00793609289393451
0.020745767980219817
0.04967918130180773
0.004089551812642693
0.015032058614556372
0.013993625132428772
0.0179072199549639
0.01588705056175432
0.008678929685194358
0.02409057152726896
0.010553797129631663
0.008201473799152004
0.00705978498632665
0.0014948341683001817
0.002606351397551415
0.013753610199869275
0.008139399347926724
0.01766143855082952
0.01323307873573308
0.004155871187490411
0.023845538389554912
0.0016613631102729317
0.0009244753054410364
0.07583826663367721
0.005691463237798186
0.05477400022877653
0.007066209893748536
0.05309595093589342
0.029912873508742544
0.020932601360230563
0.02809120731194269
0.01936158465335189
0.0054816701807810855
0.005160956403645062
0.00456432006740059
0.010760185880648785
0.006773868488978022
0.0037738562904068005
0.0015650617065374943
0.0033798179608416253
0.013048589819103295
0.012054484188102134
0.012568049426370641
0.013728716786214352
0.02479512599789404
0.009665301119643858
0.010859547663878342
0.010273681093305004
0.008592566403677941
0.023767221007989767
0.006223346374428221
0.014492451141826526
0.006790608244152911
0.026218138792659374
0.019742694728124035
0.04003887809967935
0.00497632470553229
0.005813360668476718
0.02215408513768413
0.004992891419064089
0.010830621082042488
0.016059722411361218
0.003659293008390245
0.00046777503844110054
0.010806786612507177
0.008309982779530779
0.029667676622760042
0.0028865022264846127
0.002083876151779692
0.0030088036093908993
0.010972485316291802
0.005580129455333472
0.002779351040384357
0.0010551587891550315
0.010185835194076618
0.02217937333302479
0.014930642312001356
0.0035641772826631815
0.008091775234449457
0.011392120940187395
0.0037440204911446374
0.013460941921309859
0.009043396138350264
0.026143266060860818
0.031999294369953746
0.009843694086785907
0.003371604114015735
0.004513305666702889
0.037165771709471676
0.026366889111099502
0.008744769365300513
0.008215111298594535
0.036220278509753935
0.004870535945182467
0.02578492760974791
0.001507140877440491
0.0024406345338443412
0.01868086729501433
0.00869585956225851
0.0016435513991066072
0.021329765589856754
0.00039896104851385984
0.0008925064601994718
0.02940483678125855
0.013659924947789035
0.018918155726143093
0.005697922525297338
0.004916134953265127
0.013308754761985387
0.01561295649753099
0.02209722445722017
0.0018279889898239917
0.011960426057379164
0.05300988479515449
0.00701076952058853
0.002586576814911585
0.02466733825347144
0.013203217391397048
0.0008963834686572403
0.016407505135093845
0.039791193033443084
0.00890528549682831
0.01139699248349821
0.004464889444193869
0.0029386745857568402
0.008978944270471372
0.004982036834483601
0.01936807912887126
0.03811367097337001
0.01915600469924175
0.0400364821793879
0.028156255882571955
0.0006283089123562675
0.002232874741232457
0.007682681010092714
0.001690272337523391
0.001295522663032123
0.007542818648845026
0.019953007882652928
0.0016322142721644896
0.010729943550208954
0.00612692434995018
0.0010445192305349397
0.01658014745485217
0.01004840167289352
0.0027405810511154155
0.00028125071689225257
0.021525062124611617
0.003705871896137038
0.010790998147792769
0.025501657018325612
0.01279137533709692
0.006449665417246189
0.0014406471778447907
0.0037946320736518854
0.006836707739839208
0.004653209224368874
0.03510644460125164
0.024026070334046152
0.03528200557166651
0.0028103909188217425
0.016532633575081883
0.034533763265332265
0.00783210317876653
0.002645586087808882
0.005524692287048991
0.02504190307824963
0.0016727329888424223
0.0068434100321317715
0.0015391608537341907
0.0068866081439454266
0.006214804388518726
0.021206727276285853
0.0029715426114376377
0.02273914383788611
0.0051363642945757935
0.0014094199267320109
0.001014550190468378
0.002354781841603032
0.0031723430110192673
0.009330806160643973
0.014201053784065318
0.030976181097425504
0.007922715043268932
0.007020743342560956
0.01638593365918727
0.0411860925966282
0.0016639212846880037
0.004137500151694171
0.03004205498716932
0.004590288042434129
0.03124726257435857
0.004348492475083907
0.009194434953177547
0.02671635602259475
0.00731348671473672
0.01638117025758997
0.00010506462038911749
0.002384235760655242
0.00880569034760416
0.020560817027306923
0.005509164523998308
0.010787868540028023
0.024070094091574866
0.00419467962281009
0.006315306853170059
0.012492246315961898
0.02469772185508379
0.010960236928100841
0.00964361231060423
0.013025954107993919
0.008222938459499085
0.003184755208992692
0.019469738391379256
0.00390541853236701
0.0013901715354100864
0.004505193767426641
0.008081052173661661
0.005903835067341954
0.02681657055611264
0.011495542847727126
0.007413657349482424
0.008056165164402555
0.0009371559524694382
0.02008263517308377
0.01667195918048988
0.01310820952256443
0.007340975090440479
0.0013471521170264013
0.014584065825049513
0.016701408005276152
0.005659042459948735
0.007531060997450213
0.029367277484639784
0.01773624346243464
0.005813360668476718
0.010048885690609981
0.00912149023034826
0.020378755370859463
0.01803250184487605
0.00247718579489299
0.0011985555280836578
0.005796220584921045
0.010577024814614668
0.002062401450239997
0.0034149752396999597
0.007129125167621767
0.002379895924002314
0.020825121873297426
0.01669120116625307
0.020106963489907488
0.01985128627599206
0.010223557395052317
0.04159759217772354
0.011435701102708407
0.004380501055540194
0.0013996223274604803
0.021499810548338733
0.024627560106946025
0.0007240474392283177
0.027241603201798997
0.02726980916828251
0.0034254042528934197
0.022849779575267983
0.008364094275324838
0.024297067657945027
0.0011493324986803178
0.03786087509069865
0.010158494610261
0.06176459690749481
0.0012670099360142593
0.014137657817497045
0.0034237003844437104
0.0022240468993596995
0.010669491808590559
0.012776117656868249
0.007927173449050444
0.044761093408808475
0.0023615053794503638
0.015756449472288152
0.020394193999733874
0.0023519353189196453
0.005002936806763369
0.012380007043861238
0.0013160091803951352
0.0010941644498478633
0.011463103555067064
0.00102988560673581
0.0251159771466485
0.01533837864731207
0.021628607167509296
0.015324005170067366
0.0007404506836993589
0.006628563193471174
0.009590656826143176
0.022330398471428148
0.012873105044404306
0.0028679481927687076
0.010258326822243586
0.01129780925922065
0.03925270814833873
0.008450794641693569
0.010914682996196325
0.011071880730159295
0.00854791575323197
0.005210496417646836
0.0003960108353618544
0.023163433523022504
0.013020695400242704
0.006694656064984176
0.009300952371478441
0.009802610114827626
0.029147853315166086
0.03531691580983519
0.011303014547623946
0.010770625712728138
0.006763403067951064
0.019513047182144753
0.010787983999624646
0.0348853858575572
0.0016699181344183983
0.0026432575656502254
0.01018943349024412
0.008727121893412215
0.00981438594851378
0.0032170674338289663
0.01190339799999319
0.004594451821884399
0.02420486262083027
0.002738446606970271
0.055617237105540916
0.0045396253334125045
0.008116937595723288
0.007654247687871535
0.012289640098847922
0.023929394100585807
0.01165944089502466
0.0027427969476963463
0.01788106999806524
0.008537966758739761
0.00017284000442805244
0.037050588660252626
0.009410330911959778
0.010059837196339967
0.010162567718173693
0.0057125352667226695
0.016015874101683494
0.014354234315204054
0.019300618937809034
0.0029390389623477195
0.007149935274555701
0.004709974084037719
0.02531835156153174
0.012493788783150718
0.006002293395282977
0.004034620901052075
0.009440931377990455
0.021348631614214603
0.007513880827303678
0.0025914870298972244
0.0063350452922067415
0.010384617731391826
0.005503454497331838
0.02004590932963829
0.02232024193623417
0.013148740752733068
0.020797945058468596
0.02828643955857371
0.012384810941372696
0.009633535571457299
0.015871527137625203
0.0470071465100562
0.047651418835194
0.020014027305142682
0.012870364145888897
0.06465071099416138
0.010590124326822712
0.0032181925345203476
0.015773858587040876
0.00853956922547434
0.008900501354583982
0.013220798186095827
0.02429725752509243
0.04622252718142039
0.00986652144168571
0.009951307898508278
0.01335590623620237
0.0023470758291476547
0.013427617679206217
0.011553876552557954
0.014444842605068486
0.009523736017847152
0.002374138673514126
0.040660164453435545
0.004082917406833149
0.026258174888457234
0.003425735596540347
0.05289736693982806
0.03429371989865873
0.0062782806047963985
0.0017386745184375975
0.0044483825183076735
0.0034806651148222376
0.024926641679192833
0.01395309044145207
0.03922361040392322
0.00856843964495956
0.01052765294542549
0.03789648024560394
0.03072403791783196
0.046038402358329046
0.034222215674599814
0.012026372549888394
0.005576535334754037
0.0014719397228887313
0.004975035276647908
0.04352258943591022
0.013899280927080178
0.020263472599661023
0.0024989192580668613
0.006716282597931208
0.013975845644589053
0.006342770078494428
0.045220967644758574
0.01551813004462138
0.004127845179447291
0.0028896698324147297
0.026024140024706967
0.012096703966965073
0.003232164732890059
0.005602490221146992
0.001127640627828449
0.005203103042817406
0.015138109192282364
0.0030968845913588172
0.003891882834313022
0.010460869427490237
0.008984481351340773
0.019976408864283333
0.006102897769082468
0.01786540105077298
0.011377778012019193
0.006274303534357407
0.0024678952850140136
0.007968196015043718
0.0012458320638603162
0.013148772254819717
0.001971921750326801
0.00393924467518262
0.004546464734701337
0.048175467640339364
0.016150247749290077
0.0015635725314553685
0.0006970276066006895
0.010772837819571387
0.009241538246699777
0.016816453299889993
0.0018383329841613403
0.061129316985043536
0.015889870161216367
0.0005433684239999826
0.01280556332287218
0.002045816117765326
0.011893861312164638
0.007120970841999371
0.01534709464843751
0.008418608454577118
0.011258433467934188
0.020147927386330224
0.010474697539916478
0.014582235870542809
0.008893560846175956
0.008692767997581525
0.013494364312877373
0.01166320858173399
0.017726108587749437
0.020162114608261877
0.006934502233545826
0.007182203661606566
0.011158094788206643
0.008607864572363158
0.008802249160685227
0.000741337157361638
0.009470035223300472
0.0012099219194201642
0.0007676542819893374
0.014652410072781317
0.009731655616722602
0.0017473859972814085
0.008628612222008536
0.037295475648350986
0.008747957114055196
0.003358032373840864
0.014242412456222387
0.0026894363840827607
0.001973534967287202
0.015641273059181945
0.011249000706029537
0.003986353855118151
0.008756250005659626
0.00568153151197937
0.0073769607841721796
0.006450622479994915
0.04126126243216092
0.004423385389078514
0.0016092963554721882
0.008264468227786722
0.012143971160264975
0.0019309834088273518
0.008451703378025551
0.014239341150559692
0.003115919295761102
0.0024740203506651423
0.0056236151452763875
0.013659997100240613
0.024356921570176656
0.011864886692859802
0.0025093817840516983
0.0035949202671102065
0.01958204311225787
0.0014086576182129973
0.043772771114530803
0.016220985778586036
0.0028739470626768914
0.01942903514391204
0.005660212737012145
0.0039024852374460036
0.008471320783545512
0.01825950474185964
0.011886016688632714
0.017583559813668208
0.0013151467019173445
0.011559985985424615
0.008708368546630032
0.02957049223088207
0.0070677411038789694
0.015588635266690236
0.012182467968547533
0.005363756881296287
0.0036612997920327695
0.012568580800996458
0.051135216087517525
0.003491871632987956
0.003384625605898507
0.013262654095887545
0.010792543622301889
0.004326385191453267
0.008008514768337804
0.00521824604017403
0.012790748521458504
0.010186873539342495
0.004442525883607099
0.005905233856872101
0.0035605738968129213
0.0018291274331692828
0.004795602967311373
0.008626596293201559
0.008986626473767767
0.0073867217988512115
0.009645999769367511
0.0016716781710484508
0.015338838649213557
0.005880246932357088
0.024934940618368796
0.004946209173514432
0.004518793294876336
0.016365951701414815
0.0005412261292908097
0.02503469451593525
0.011968335164735862
0.0008668526716380245
0.005954176388555899
0.008296074534347537
0.01387907845100656
0.004557636397079943
0.009764858379701806
0.017326340446578544
0.03232695850885743
0.013084018376237568
0.003673461702079739
0.018381284981110604
0.02044370215663931
0.004219049374523922
0.007253344372297446
0.0010743383506727209
0.0061069161197605595
0.01515164413454791
0.0012222328469542487
0.009427073998914234
0.003399436142091005
0.010983642334213447
0.0019463181154606895
0.014371809555438974
0.007179505755737482
0.030514214620841116
0.00970174851222467
0.012663875012321595
0.023754523899145286
0.02255894960793437
0.03006606755805484
0.026527524845417313
0.006480171572908254
0.002596499854025484
0.013654050573999042
0.015226753384463686
0.03493916170580567
0.007991894086549739
0.007428658745826146
0.01568049769902088
0.016859238532158413
0.006306819861770593
0.03425061643933084
0.013038372892739238
0.001658407356135119
0.03841831880677139
0.05024309769484388
0.00857205179509756
0.08581521617052905
0.03294572002617666
0.001904830924634373
0.0244464984458205
0.0034801846215472645
0.01403571229030574
0.003175426120608625
0.001387813072275975
0.01296810407654173
0.009106709883148163
0.051103235799009966
0.013567060917848761
0.009659213372747786
0.028466554654404914
0.02738726628214521
0.010304970712882366
0.0038280510074917783
0.0041313779691250505
0.007077855903648224
0.0045440019492226464
0.00969257751206402
0.00852485349052475
0.0020948032833559603
0.0017806054139251266
0.01241421123208543
0.0059064763408669466
0.03552632531594702
0.005954795340090543
0.006334495629213977
0.007430548376380512
0.0021583095861828655
0.0037307241363339757
0.003344290549332488
0.0031347041286010837
0.03776405574679281
0.0025555567858735547
0.010166297535469401
0.008165138397379389
0.0033470312466847858
0.015692364802888013
0.047370251138680965
0.0054923101688602515
0.019132147918358034
0.00676381961347336
0.006268171440032044
0.009135640346492516
0.0037100444120882993
0.021113553213151847
0.011442827364787383
0.013413705873526346
0.011687543372452158
