8e-05
0.00061
0.00026
0.00049
0.00048
0.0002
0.00024
0.00051
0.00023
0.00018
0.00031
0.00031
0.00036
0.00022
0.00019
0.0001
0.00045
6e-05
0.0004
0.00024
0.00016
0.00046
0.00045
0.00033
0.00011
0.00015
0.00027
0.00031
0.00083
0.001
0.0004
0.00051
0.0001
0.00038
0.00019
9e-05
9e-05
0.00049
0.00078
0.00037
0.00063
0.00018
0.00013
0.00017
0.00015
0.00042
0.00017
0.00024
0.00025
0.0002
0.00037
0.00091
0.00037
0.0002
0.00024
0.00142
0.00018
0.0002
0.00023
0.00044
0.00054
0.00011
0.0001
0.00011
0.00047
0.00019
0.00058
0.00024
0.0006
0.00051
0.00071
0.00028
0.00034
6e-05
0.00028
0.00032
0.00028
0.00031
0.00012
0.00017
0.00019
0.00024
0.00036
8e-05
0.00026
0.00041
0.00057
8e-05
0.0004
0.00015
0.00032
0.0004
0.00039
0.0007
0.00066
0.00046
0.00031
0.00018
0.00059
0.00065
0.00027
0.00021
0.00071
8e-05
0.00018
0.00019
0.00016
0.00051
0.00018
0.00041
0.00011
0.00018
7e-05
0.00034
0.00046
0.00043
0.00024
0.0001
0.00028
0.00032
0.00053
0.00077
0.00065
8e-05
0.00017
0.00069
0.00064
0.00018
0.00014
0.00031
0.00041
0.00022
0.00032
0.00021
0.00043
0.00023
0.00058
0.00043
0.00033
0.00025
0.00011
0.00028
0.00055
0.00011
0.00021
0.00069
0.00017
0.00045
0.00028
0.00013
0.00016
0.00022
0.0007
0.0002
0.00029
0.0001
0.00081
0.00018
0.00017
0.0002
9e-05
0.00019
0.00012
0.00047
0.00019
0.00014
8e-05
0.00022
8e-05
0.00021
0.00042
9e-05
8e-05
0.00025
0.00091
0.00017
0.00043
0.00048
9e-05
0.00042
0.00033
0.00061
0.0007
9e-05
0.00011
0.00059
0.00057
0.00013
0.00048
0.00029
0.0002
8e-05
0.00045
0.0008
0.00022
0.00035
0.00027
0.00013
0.00104
0.00089
0.00063
0.00013
0.0002
7e-05
0.00017
9e-05
0.00014
0.00018
0.00064
0.00019
0.0002
0.00018
0.00011
8e-05
0.00037
0.00024
0.0001
0.00021
0.00021
0.00056
0.00058
8e-05
0.00012
0.00016
0.00092
9e-05
0.00052
0.00025
0.00013
0.0002
0.00022
0.00019
0.00093
0.00053
0.00031
0.00052
0.00011
0.00021
0.00027
0.00016
0.00035
0.00077
0.00011
0.0003
0.00015
0.00013
0.00014
9e-05
0.00034
0.00022
0.00103
0.00044
0.00019
9e-05
0.00027
0.00012
7e-05
0.00053
0.00068
0.00014
0.00027
0.0003
0.00011
0.00013
0.00016
0.00061
0.00037
0.0002
0.00051
0.00013
0.0003
0.00011
0.00011
0.00011
0.00036
0.00012
0.0001
0.00028
0.0001
0.00012
0.00012
0.00034
0.0002
0.00011
0.00024
0.00051
0.00059
0.00032
8e-05
0.00023
0.00012
0.00013
0.00054
0.0006
0.00022
0.00051
0.00022
0.00012
0.00073
0.00027
0.00018
0.0001
8e-05
8e-05
0.00016
0.00016
0.00029
0.0001
0.00031
8e-05
0.00011
0.00081
8e-05
0.00017
8e-05
0.00051
0.00067
0.00054
0.00042
0.00023
0.00079
0.00037
0.00018
0.0005
0.00031
0.00092
0.00012
0.00103
0.00012
0.00034
0.0004
0.00072
0.00014
0.00015
0.00043
0.00012
0.00027
0.00012
0.00014
0.00015
0.0002
0.00089
0.00021
0.0002
0.00077
0.00018
0.00031
0.00017
0.00022
0.00056
0.00042
0.0007
0.00018
0.00074
0.0005
0.00012
0.0001
0.0003
8e-05
0.0001
0.00019
0.00059
0.00039
0.00012
0.00013
0.00011
0.00013
0.00024
0.00015
0.00026
0.00011
0.00018
0.00018
0.00038
0.00048
0.00019
0.00021
9e-05
0.0001
0.00108
0.0001
0.00023
0.00015
0.00026
0.00034
0.00037
0.00031
0.00015
0.00048
0.00029
0.00025
0.00026
9e-05
0.00027
9e-05
0.00034
0.00051
0.00033
0.00037
0.00014
9e-05
0.00017
0.0003
0.00024
0.00038
7e-05
9e-05
0.00018
0.00047
0.00051
0.0007
0.00031
0.00028
0.00042
0.00011
0.00013
0.00042
0.00058
0.00016
0.00018
0.00016
0.00036
0.00027
0.00019
0.00014
0.00026
0.00031
0.00059
0.00081
7e-05
0.00042
0.00074
0.00106
0.00034
0.00029
8e-05
9e-05
0.00078
0.00011
0.00046
9e-05
0.00039
0.00094
0.00063
0.00025
0.00018
0.00016
0.00025
7e-05
0.0002
0.00012
0.00043
0.00098
8e-05
0.00015
0.00069
0.00032
0.0002
0.0001
0.00026
0.00045
0.00036
9e-05
0.00016
0.00019
0.00016
0.00013
0.0015
0.00016
0.00093
7e-05
7e-05
0.00037
0.00064
0.00014
0.00043
0.0003
0.00041
0.00011
8e-05
0.00048
0.00011
0.0001
0.00049
0.00016
0.00036
0.00028
0.00028
9e-05
0.00019
8e-05
0.00042
0.0002
0.00047
0.00079
0.00025
0.00035
0.00016
0.00015
0.0006
0.00062
0.00044
0.0001
0.00054
0.0002
0.0001
0.00016
0.00027
0.00028
0.00033
0.00039
0.00018
0.00011
0.00014
0.00107
0.0004
0.00012
0.00035
0.00043
0.0003
0.00011
0.00076
7e-05
0.00035
0.00017
0.0006
0.00015
0.0001
0.00043
0.00038
0.00038
0.00026
0.0006
9e-05
0.00035
0.00012
0.00036
0.00029
0.00011
0.00016
0.00036
9e-05
0.00015
0.00048
0.00035
0.00033
0.00084
0.00011
0.00017
9e-05
0.00039
0.00018
0.0001
0.00021
0.00035
0.0008
0.00013
0.00026
9e-05
0.00014
0.00017
0.00034
0.00029
0.00122
0.00011
0.00089
0.00014
7e-05
0.00014
8e-05
0.00021
0.00011
0.00042
0.00066
0.0011
0.00034
0.00021
8e-05
0.0002
0.00019
0.00013
0.00061
0.00029
0.00019
0.00042
0.00019
0.00028
8e-05
0.0002
0.00062
0.00045
0.0006
0.00017
0.00042
0.00011
0.00011
0.00013
0.00012
0.00023
0.00035
0.00011
0.00014
0.00069
9e-05
0.00011
0.0001
0.00019
0.00047
0.00013
0.00014
0.00028
0.00012
9e-05
8e-05
0.00028
0.00018
0.00062
0.00023
0.00013
0.0001
0.00014
0.0003
0.0002
0.00022
0.00042
0.00035
0.00035
0.00032
0.00016
0.00028
0.00018
0.00032
0.0003
0.0001
0.00013
0.00031
0.00021
0.00041
0.00074
0.00034
0.00054
0.00011
0.00029
0.0005
0.00065
0.00063
0.00032
0.00012
0.00025
0.00014
0.00065
9e-05
0.00051
0.00011
0.00018
9e-05
0.0004
0.00036
7e-05
0.00023
0.00035
0.00034
0.0008
0.00016
0.00029
0.00014
0.00021
0.00042
0.00022
0.0002
0.00011
0.00033
8e-05
0.00038
0.00031
0.00014
0.00026
0.00015
0.00022
0.00014
0.0004
0.00043
0.00021
0.00079
0.00012
0.00064
0.00014
0.0006
0.00031
0.0003
0.00083
0.0001
0.00011
0.00011
0.00084
0.0006
0.00095
0.00013
0.00154
0.00029
0.00043
0.00028
0.00036
0.00026
0.00017
0.00035
0.00066
0.00015
0.00011
9e-05
0.00034
0.00033
0.00013
0.0002
0.00041
0.00019
0.00012
0.00013
0.00036
0.00082
0.00079
0.00029
0.0003
0.00062
0.00037
0.0007
0.00022
0.00029
9e-05
0.00038
0.0001
0.00015
0.00042
0.00018
0.0002
0.00019
0.00015
0.00031
0.00081
0.0002
7e-05
0.00026
0.00043
0.0003
0.00017
0.0007
0.00038
0.00026
0.00048
0.00024
0.00017
0.00015
0.00011
0.00055
0.00031
0.00016
0.00033
0.00042
0.00024
0.00013
0.00031
0.00019
9e-05
0.00021
0.00038
0.00057
0.00065
0.0001
0.00016
0.00037
0.0001
9e-05
0.0001
0.00014
8e-05
0.00035
0.00065
0.00028
0.0001
0.00017
0.00047
8e-05
0.00022
0.0001
0.00098
0.00023
0.00035
0.0003
0.00099
0.00027
0.00068
0.00018
0.00048
9e-05
0.00071
0.00013
0.00018
0.00023
0.00085
0.00024
0.00068
0.00023
0.00061
0.00011
0.00028
8e-05
7e-05
0.00086
0.00067
0.00015
0.00101
0.00031
0.0001
0.00018
0.00115
0.00044
0.00065
0.00013
0.00016
0.00015
0.00027
0.00058
0.00052
0.00045
0.00014
0.00083
0.00023
0.00109
0.0001
0.00014
0.00026
0.00051
0.0003
0.00011
0.00015
6e-05
0.00011
0.00036
0.00011
0.00012
0.00019
9e-05
0.00067
0.00016
0.0001
0.0001
0.00039
0.00044
0.00046
0.00049
0.00017
7e-05
0.00023
0.00027
0.00035
0.00013
0.00018
9e-05
9e-05
0.00026
0.00026
0.00026
0.00075
0.00038
0.00031
0.00018
0.00039
0.00021
7e-05
0.00016
0.00012
0.00034
0.00015
0.00025
0.00033
0.0007
0.00049
0.00039
0.00038
0.00021
0.00039
0.00067
8e-05
0.0003
0.00015
0.00027
0.00049
0.00018
0.00046
0.00035
7e-05
0.00012
0.00028
0.00044
0.00018
0.0001
0.00033
0.00102
0.0002
0.00016
0.00014
0.00011
0.00065
0.00062
0.00023
0.00022
0.00014
0.00046
0.00013
0.0002
0.0002
9e-05
0.00053
0.00015
8e-05
0.00042
0.00054
8e-05
0.00012
0.00035
0.00034
0.00014
0.00023
0.00027
8e-05
0.0002
0.00035
0.0001
0.0001
0.0002
0.00017
0.00027
0.00035
0.00018
8e-05
0.00097
0.00115
0.00015
0.00084
0.00045
0.00072
0.00013
0.0011
0.00092
0.00026
0.0006
0.00051
0.00033
0.00066
0.00013
0.0001
0.00022
0.00072
0.0005
0.0001
0.00015
0.00019
0.00013
0.00017
0.00016
0.00023
0.00046
0.00038
0.00011
0.00033
9e-05
0.00012
0.00033
0.00013
0.00038
0.00052
0.00033
0.00016
0.00045
0.00014
0.0003
0.00047
0.00054
0.00105
0.00064
0.00048
0.00029
0.00014
0.00069
9e-05
0.00024
0.00015
0.00028
0.00037
0.00041
0.0002
0.00048
0.00019
0.00024
0.0004
0.0002
0.0002
0.00011
0.00014
0.00036
0.00032
0.00014
0.00015
0.00016
0.00032
0.0001
0.00028
0.00125
0.00015
0.00062
0.00026
0.00131
0.00099
0.0002
0.00034
0.00028
0.00021
6e-05
0.00043
0.00024
0.00055
0.00023
0.00058
8e-05
0.00017
0.0002
0.00051
0.00028
0.0001
0.00027
0.00026
0.00037
0.00012
0.00016
0.0001
0.0001
0.00021
0.00011
0.00016
0.00046
0.00015
0.0002
0.0005
0.00049
0.00032
0.00029
0.00054
0.00023
7e-05
0.0001
0.00016
0.00031
0.00021
0.0003
0.00019
0.00017
0.00011
0.00014
0.00032
0.0002
0.00077
0.00028
0.00013
0.00012
0.00047
0.00027
0.00058
0.00039
0.00014
0.00041
0.00059
0.00054
0.00059
0.00028
0.00049
0.00014
0.00013
0.00032
0.00015
0.00039
0.00016
8e-05
0.00036
0.00015
0.00019
0.00028
0.00013
0.00015
0.00075
0.00049
0.00045
0.00058
0.0001
6e-05
9e-05
0.0001
0.0001
0.00128
8e-05
0.00052
0.00039
0.00024
0.00029
0.00036
6e-05
0.00013
0.00026
0.00054
0.00017
0.00038
0.0001
8e-05
0.00047
0.00029
0.0002
9e-05
0.00038
0.00017
0.00071
9e-05
0.00105
0.00019
0.00029
6e-05
0.00109
0.00071
0.00014
0.00034
0.00015
0.00015
0.00029
7e-05
0.00018
0.00015
0.00026
0.00023
0.00013
0.00027
0.00058
0.00018
0.00021
0.00013
0.00028
0.00034
0.00017
0.0002
0.0001
0.00023
0.00011
0.00049
0.00018
0.00029
0.00018
0.00033
6e-05
0.00035
0.00029
0.0002
0.00012
0.0001
0.00025
0.00065
0.00011
0.00061
0.00052
0.00044
0.00077
9e-05
0.00028
0.00045
0.00057
0.00034
0.00013
0.00074
0.00065
0.00021
0.00013
0.00042
0.00046
0.00033
0.00028
0.00015
0.00036
0.00037
9e-05
0.00096
0.00012
0.00029
0.00012
9e-05
0.0002
0.0007
0.00028
0.00055
0.00046
0.00078
0.0006
0.00135
0.00069
0.00162
7e-05
0.00029
0.00012
0.00022
0.00019
0.00011
0.00031
7e-05
0.00048
0.00011
0.00025
0.00082
0.00019
0.00031
0.00045
0.00041
0.0001
0.00042
0.00034
0.00022
0.00052
0.0004
0.00013
0.00042
0.00012
0.00022
0.00029
0.00039
0.00036
0.00029
0.00137
7e-05
0.00012
0.00065
0.00015
7e-05
0.00029
0.00019
0.00088
0.00032
0.00085
0.0001
0.00111
0.00014
0.00036
0.00058
0.0006
0.00015
8e-05
0.00017
0.00011
0.00053
0.00017
0.0001
9e-05
9e-05
9e-05
0.00027
0.00031
0.00047
8e-05
0.00047
0.00037
0.00038
0.0006
0.00011
0.00019
7e-05
0.00038
0.00021
0.00049
8e-05
0.00034
0.00052
0.00036
0.00039
0.00022
0.00038
0.00033
0.0002
0.00015
0.00039
0.00018
0.00035
0.00024
0.00043
0.00035
0.00064
0.00011
9e-05
0.00059
0.00012
0.00012
9e-05
0.00052
0.00017
0.00016
0.00043
0.00015
0.00062
0.00026
0.00027
0.00062
0.00023
0.00076
0.00037
9e-05
0.00023
0.00032
0.0001
0.00045
0.00012
7e-05
0.00042
0.00019
0.00026
0.00037
0.00046
0.00011
0.00021
0.00027
0.00018
0.00017
0.00017
0.00039
0.00022
0.00019
0.00057
8e-05
9e-05
0.0012
0.00012
0.0006
0.00033
7e-05
0.00072
0.00011
0.00044
0.00023
0.00019
0.00026
0.00106
0.00038
0.00013
0.00014
0.0001
7e-05
0.00016
0.0002
0.00024
0.00041
0.00027
0.00015
0.00024
0.00023
0.00104
0.0001
0.00043
0.00021
0.0002
0.00027
0.0001
0.0002
8e-05
0.00065
0.00024
0.00011
0.00029
0.00035
7e-05
9e-05
0.00074
0.00015
0.00042
0.00023
0.00021
0.00025
0.00019
0.00071
7e-05
0.00025
0.00028
0.0002
0.0005
0.00052
0.00022
0.00019
0.00099
0.00083
0.0003
0.00024
0.00045
0.00013
8e-05
0.00032
0.00031
0.00038
0.00016
0.00013
0.00124
0.00016
0.0001
0.00023
0.00028
0.00053
0.00079
0.00023
0.00026
6e-05
0.00012
0.00016
0.00078
0.00027
6e-05
0.00061
0.0002
0.00038
0.00023
0.00028
0.00021
8e-05
7e-05
0.00036
7e-05
0.00027
0.00021
0.00023
0.00019
9e-05
0.00031
0.00013
0.00014
0.00021
0.00038
0.00045
0.00029
0.00021
0.00055
0.00025
0.00021
0.00023
0.00065
8e-05
0.00015
0.00013
0.00016
0.00032
0.00082
0.00018
0.00021
0.00034
0.00034
0.00044
9e-05
0.00044
0.00023
0.0003
0.0002
0.00038
0.00086
0.00034
0.00065
0.0005
0.00012
9e-05
0.00037
0.00015
0.00074
0.0001
0.0001
0.00029
0.00016
0.00027
0.00044
0.00016
0.00034
0.00014
0.00013
0.00015
0.00079
7e-05
0.00015
0.00021
0.00046
0.00014
0.00016
0.00016
0.00051
0.0001
0.0006
0.00027
0.00012
0.00013
0.00055
0.00038
9e-05
0.00072
0.00011
0.00071
0.00014
0.00029
7e-05
0.00068
0.00016
0.00023
0.00016
0.00013
0.00077
0.00014
0.00032
0.00025
0.00038
0.00022
0.00031
0.00031
0.00014
6e-05
0.0011
0.00078
0.00018
8e-05
0.00109
0.00012
0.00028
0.00041
0.00014
0.00033
8e-05
0.00041
0.00024
0.00016
9e-05
0.0001
0.0001
0.00039
0.0001
0.00019
6e-05
0.00043
8e-05
0.00041
0.00022
0.0002
0.00023
0.00012
0.00017
0.00024
0.00097
0.00031
0.00014
0.00041
0.0001
0.00017
0.00013
0.00104
0.00012
0.00012
0.00018
0.00048
0.0004
9e-05
0.00025
7e-05
0.00019
7e-05
0.00023
0.00026
0.00013
0.00014
0.0002
0.00131
0.00043
0.00037
0.0001
0.00027
0.00022
0.00015
0.00013
7e-05
0.00047
0.00013
0.0001
0.00065
0.00017
0.00069
0.00047
0.00048
0.00036
9e-05
0.00049
0.00023
0.00023
0.00038
8e-05
0.00036
0.00039
0.00163
0.00014
0.00073
0.00016
0.00018
0.00016
0.00039
0.00056
9e-05
0.00017
0.00028
0.00066
0.00019
0.00104
0.0003
0.00016
0.00031
0.00058
0.00058
0.00012
0.00013
0.0003
0.00031
0.00034
0.00032
0.00017
0.00015
0.00039
0.00013
9e-05
0.00033
0.00039
0.00045
0.00012
0.00029
0.00025
0.00014
0.00079
0.00015
0.0001
0.00029
0.00048
0.00022
7e-05
0.00071
7e-05
0.00039
0.0008
0.00024
0.00032
0.00025
0.00046
0.00056
0.00024
0.00029
0.00011
0.00021
0.00122
0.00057
0.00015
0.00023
0.00052
0.00019
0.0002
0.0002
0.00057
0.00017
0.00029
0.00033
0.00103
0.0002
0.00046
0.00018
0.00012
0.00054
0.00017
0.00028
0.00078
0.00011
0.00023
0.00015
0.00015
0.00036
7e-05
0.00084
0.00018
0.00025
0.0002
0.00021
0.00035
0.00025
0.00017
0.00013
0.00044
0.0001
0.00025
0.00047
0.00014
0.00016
0.00016
9e-05
0.00023
0.00021
0.00021
0.00018
0.00021
0.00012
0.00042
0.00044
0.00041
0.00042
0.00056
0.00017
0.0003
0.00018
0.00031
0.0005
0.00052
0.0001
0.00017
8e-05
7e-05
0.00018
0.00058
0.00023
6e-05
0.0005
0.00043
0.00023
0.00042
0.00023
0.00022
0.0002
0.00021
0.00071
0.00021
0.0001
0.0003
0.00016
0.00034
0.00032
0.00012
0.00025
0.0001
0.00011
0.00037
0.00018
0.00037
0.00025
0.0004
0.00021
0.00085
0.00051
0.00011
0.00012
0.00035
0.00064
0.00043
0.00075
0.00016
9e-05
0.00023
0.00045
0.00018
7e-05
6e-05
0.00047
0.0002
0.00044
0.00019
0.00036
0.00013
0.00015
0.0001
9e-05
0.00022
0.00091
0.0001
0.00032
0.00079
0.00035
0.00024
0.00016
7e-05
0.00037
0.0013
0.00018
0.00016
0.00052
7e-05
0.00063
0.00015
0.00017
0.00028
0.00018
0.00032
0.00067
0.00036
0.00063
8e-05
0.00012
0.00021
0.00011
0.00015
0.00011
0.00022
0.00033
0.00064
7e-05
0.00027
0.00073
0.00058
8e-05
0.00066
0.0003
0.00011
0.00022
0.00013
0.0001
0.00052
0.00031
0.00021
0.00043
0.00016
0.00046
0.00044
0.0001
0.00012
0.00031
0.00041
0.00071
0.00046
8e-05
0.00033
0.00014
8e-05
0.00024
0.00081
0.00013
0.00023
0.00011
0.00035
0.00032
0.00026
0.00033
0.00016
0.0002
0.00029
0.00015
0.00017
7e-05
0.00079
0.0002
0.00036
0.00043
0.00044
0.00011
0.00012
0.00044
0.00029
0.00015
0.00016
8e-05
6e-05
0.00062
0.00019
0.00078
0.00016
0.001
0.00028
0.00015
0.00029
0.00078
9e-05
0.00023
0.00028
0.0002
0.00021
0.00014
0.00013
0.00013
0.0005
0.0002
0.00022
0.00012
0.00035
0.00023
0.0004
0.00016
0.00041
0.00015
0.00011
0.00048
0.00029
0.00028
0.00039
0.00088
0.00034
0.0004
0.00016
0.00012
0.00015
0.00023
0.00044
0.00041
0.00035
0.00071
0.00011
0.00095
0.00032
0.00012
0.00049
0.00014
0.00013
0.00087
0.00016
0.0001
0.00026
0.00086
0.00015
0.00022
0.00028
0.00022
0.00075
0.0002
0.00012
0.0001
0.00017
0.00032
0.00058
0.0003
0.0005
0.00068
0.0001
0.00018
0.00064
0.00026
7e-05
0.00038
0.00071
0.00056
0.0001
0.00019
0.00023
9e-05
8e-05
0.0004
0.00021
0.00024
0.0002
0.00029
0.00023
9e-05
0.0004
0.0014
0.0001
0.00014
0.00036
0.00015
0.00011
0.00021
0.00016
0.00021
0.0001
0.00011
0.00081
0.00016
0.00013
0.00011
0.00015
0.00018
0.00029
0.00061
0.00018
0.00047
0.00049
0.00049
0.00042
0.00076
0.00034
0.00048
0.00042
0.00031
0.00061
0.00018
0.00015
8e-05
0.00037
0.00025
0.00091
0.0002
8e-05
0.00013
8e-05
0.00018
0.00025
0.00036
0.0003
0.00016
0.0004
0.00021
0.00031
0.00012
0.00073
0.00028
0.00072
0.00042
9e-05
0.0003
0.00021
0.00029
0.00022
0.00013
0.00046
0.00022
7e-05
9e-05
0.0002
0.00014
0.0004
0.00068
0.0007
0.00028
0.00011
0.00052
0.0003
0.0002
0.00011
0.00092
0.00022
0.00022
0.0004
0.00014
0.00056
0.00017
0.00047
0.00031
0.00013
0.00051
0.00014
0.00013
0.00025
0.00039
0.00016
0.00047
8e-05
0.00063
8e-05
0.0002
0.0001
0.00119
0.00039
0.00036
0.00022
0.00022
0.00025
0.00027
0.0002
0.00043
0.00025
7e-05
0.00032
0.00016
0.00031
0.00031
0.00071
8e-05
0.00023
0.0007
0.00033
0.00095
0.00041
0.00014
0.00035
0.00052
0.00074
0.0007
0.00022
0.00016
0.00019
0.0003
9e-05
0.00012
0.00015
0.00023
0.00016
0.00045
0.00015
0.00064
0.00034
0.00038
0.0002
0.00054
0.0001
0.00015
0.00033
0.00056
0.00027
0.00034
0.00018
0.00039
0.00036
0.0003
0.00025
8e-05
0.00088
0.00054
0.0001
0.00014
0.0001
0.0005
8e-05
0.0003
0.0003
0.0006
0.00028
0.00016
0.00022
0.00025
0.00052
0.00024
0.00016
0.0002
0.00023
0.00027
6e-05
0.00029
0.00018
8e-05
0.00017
0.00019
0.00014
0.00049
0.00052
0.00047
9e-05
0.00018
0.00012
0.00028
0.00078
0.00016
8e-05
0.00052
0.00061
0.00012
0.00016
0.00015
0.00027
0.00065
0.00032
0.00017
0.00033
6e-05
0.00024
0.00034
0.0004
0.0001
0.00077
0.00013
8e-05
0.00021
7e-05
0.00037
0.00022
0.00044
0.0001
9e-05
0.0001
7e-05
0.00101
0.00035
0.0003
0.00015
0.00021
6e-05
0.00082
7e-05
0.00083
0.0009
8e-05
0.00015
0.00032
0.00037
0.00026
0.00014
0.00041
0.0002
0.00011
0.00023
0.00072
0.00023
0.00033
0.00034
0.00037
0.00045
0.00055
0.00029
7e-05
0.00028
0.00011
0.00017
0.0001
0.00019
0.00037
0.00014
6e-05
0.00014
0.00025
0.00014
0.00039
0.0002
0.00012
0.00028
0.00028
9e-05
0.00025
0.00023
6e-05
0.00013
0.00203
7e-05
9e-05
0.0001
9e-05
0.00082
0.00029
8e-05
0.00017
0.00095
9e-05
0.00015
0.00012
0.00017
0.00017
0.00028
8e-05
0.00011
0.00032
0.0003
0.00018
7e-05
0.00025
0.00031
0.00023
0.00056
0.00012
7e-05
0.00046
0.00011
0.0006
0.00027
0.00013
0.0001
0.00059
0.00042
0.00016
0.00075
0.0003
0.00023
0.00042
0.00024
0.00032
7e-05
0.00012
8e-05
9e-05
0.00024
0.00046
0.00016
0.00107
0.00036
0.0003
9e-05
9e-05
0.00025
0.00066
0.00011
0.00075
0.0014
0.00043
0.0001
0.00045
0.00033
0.00033
0.00072
0.00012
0.00111
0.00012
0.00079
0.00037
0.00056
0.00029
0.00034
0.0002
9e-05
0.00026
0.00017
0.00037
0.0002
0.00043
0.00034
0.00036
0.00024
0.00059
0.00011
0.00028
0.00017
0.00078
0.00037
0.00055
0.00017
0.0003
0.00018
0.00072
0.00015
0.0002
0.00055
0.00027
0.00011
0.00037
0.0002
0.00019
0.00033
0.00051
0.0002
9e-05
0.00035
0.00014
0.00015
0.00079
0.00023
0.00021
0.00042
0.00019
8e-05
0.00029
0.00025
0.00036
0.00039
0.00048
0.00064
0.00011
0.00015
0.00061
0.00019
0.00057
0.00013
0.00013
0.00028
0.00079
0.00038
0.00018
0.00015
0.00026
0.00039
8e-05
0.00027
0.00011
0.00011
0.00011
0.00018
9e-05
0.00038
0.00018
0.00035
0.00115
0.00026
0.00012
0.0001
0.0001
0.00019
0.00022
0.00014
0.00037
0.0002
0.00014
0.00018
0.00106
0.00024
0.0001
0.00018
0.001
0.0005
0.00042
0.00103
0.00032
0.00012
0.00048
8e-05
0.00014
0.00031
0.00026
0.00011
0.0003
0.00011
0.0003
0.00021
0.00035
9e-05
0.00112
0.00039
0.00083
0.00018
0.00037
0.00064
0.0003
0.00013
0.00015
0.00015
0.00023
0.00052
0.00044
0.00062
0.00113
0.00026
8e-05
8e-05
0.00016
0.0002
8e-05
0.00044
0.0004
0.00025
0.00037
0.00035
0.00022
0.00028
0.00013
0.00031
0.00012
0.00076
0.00012
0.00025
0.0006
0.00015
0.00069
0.00014
7e-05
0.0002
0.00028
0.00023
0.00047
0.00029
0.00057
0.0009
0.00017
0.00056
8e-05
0.00035
0.0001
0.00018
0.00011
0.0001
0.00044
0.00069
0.00012
0.00011
0.00064
0.00033
0.00013
0.00041
0.00026
0.0004
0.00017
0.00022
0.00069
0.00016
0.00013
0.00025
0.00016
0.00012
8e-05
0.00011
0.00043
0.00014
0.00013
0.0001
0.00014
0.00104
0.00048
0.00044
0.0001
0.00011
0.00102
0.00014
8e-05
0.00084
0.00023
0.0003
0.00011
0.00018
0.00033
0.00021
0.0004
0.00028
0.00014
8e-05
0.00014
0.00018
8e-05
0.00074
8e-05
0.00031
0.00051
0.00027
0.00057
0.00025
0.00013
0.00032
0.00021
0.00047
0.00013
0.00122
6e-05
0.00087
0.00022
0.00073
0.00072
0.0003
0.00022
0.00053
0.00106
0.00015
0.00035
0.00031
0.0005
0.00038
0.00025
0.00058
0.00025
0.0002
0.00018
8e-05
0.00013
0.00031
0.00023
0.00038
0.00033
0.00015
0.0005
0.0001
8e-05
0.00156
0.00016
0.00119
0.00014
0.00114
0.00058
0.00043
0.00054
0.00056
0.00015
0.00017
0.00015
0.00031
0.00018
0.00014
8e-05
0.00013
0.00036
0.0003
0.00031
0.00035
0.0005
0.00033
0.00025
0.00025
0.00021
0.00063
0.00014
0.00033
0.00018
0.0007
0.00042
0.00081
0.00012
0.00014
0.00056
0.00014
0.00024
0.00034
0.00012
7e-05
0.0002
0.0002
0.0007
0.00012
0.00015
0.00011
0.00026
0.0002
0.0001
9e-05
0.0003
0.00048
0.00046
0.00021
0.00025
0.00037
0.00021
0.00032
0.00025
0.00065
0.00054
0.00032
0.00015
0.00012
0.00099
0.00054
0.00022
0.00025
0.00088
0.00011
0.00061
9e-05
0.0001
0.00045
0.00026
0.00011
0.0005
0.0001
8e-05
0.00061
0.00037
0.0004
0.00021
0.00012
0.00028
0.00031
0.00055
0.0001
0.0003
0.00104
0.00021
0.00011
0.00052
0.00042
0.00011
0.00039
0.00078
0.00024
0.00027
0.00016
0.00013
0.00026
0.00015
0.00043
0.00077
0.00041
0.00095
0.00063
8e-05
0.00012
0.00018
7e-05
7e-05
0.0002
0.00063
9e-05
0.00023
0.0002
9e-05
0.00036
0.00033
9e-05
7e-05
0.00041
0.0001
0.00025
0.00058
0.00029
0.00011
0.00011
0.00014
0.00015
0.00017
0.00075
0.00055
0.00071
0.00011
0.00037
0.00075
0.00025
0.0001
0.00018
0.00056
9e-05
0.00019
8e-05
0.00019
0.00016
0.00051
0.00011
0.00054
0.00015
0.00012
9e-05
9e-05
0.00011
0.00029
0.00027
0.00059
0.00024
0.00019
0.00039
0.00084
9e-05
0.00017
0.00068
0.00016
0.00055
0.00011
0.00023
0.00065
0.00022
0.00035
6e-05
0.0001
0.0002
0.00053
0.00015
0.00034
0.00053
0.00013
0.00024
0.00031
0.00055
0.00034
0.00026
0.00032
0.00019
9e-05
0.00053
0.00014
0.00011
0.00016
0.0002
0.00018
0.0005
0.00023
0.00021
0.00019
7e-05
0.00039
0.00038
0.00047
0.00027
0.0001
0.00025
0.00038
0.00016
0.0002
0.00059
0.00042
0.00014
0.00025
0.00016
0.00051
0.00037
0.00013
9e-05
0.00018
0.00032
0.0001
0.00011
0.00019
0.00014
0.00052
0.0003
0.00042
0.00043
0.00035
0.00092
0.00032
0.00014
7e-05
0.00048
0.00055
8e-05
0.00057
0.0006
0.0001
0.00041
0.00021
0.00056
7e-05
0.00086
0.00021
0.00133
0.0001
0.0004
0.0001
0.0001
0.00033
0.0003
0.00016
0.00095
8e-05
0.00031
0.00051
0.0001
0.00014
0.0002
0.00021
9e-05
0.00032
0.00013
0.0005
0.00036
0.00053
0.00035
7e-05
0.00022
0.00019
0.00063
0.00036
0.00013
0.0002
0.00027
0.0008
0.00021
0.00021
0.00029
0.00017
0.00014
8e-05
0.00054
0.0004
0.00022
0.00026
0.00034
0.00066
0.00083
0.00026
0.00029
0.0002
0.00047
0.00027
0.00072
7e-05
0.00013
0.00021
0.00018
0.00023
0.00014
0.00031
0.00015
0.00052
0.00012
0.0012
0.00014
0.00019
0.00018
0.00029
0.00047
0.00032
0.00011
0.0005
0.00025
6e-05
0.00084
0.0002
0.00023
0.00024
0.00017
0.00033
0.0003
0.00039
0.00013
0.00021
0.00016
0.00049
0.0003
0.00013
0.00011
0.00023
0.00045
0.00024
7e-05
0.00016
0.00027
0.00015
0.00045
0.00039
0.00033
0.00045
0.00062
0.0003
0.00027
0.00031
0.00102
0.00095
0.00041
0.00032
0.00118
0.00027
0.00013
0.00038
0.00023
0.00022
0.00039
0.00053
0.00088
0.00022
0.00023
0.00033
8e-05
0.00035
0.00032
0.00053
0.00022
9e-05
0.00089
0.0001
0.00066
0.00014
0.00112
0.00082
0.00018
0.00011
0.00016
8e-05
0.00055
0.00039
0.00085
0.00026
0.00033
0.00105
0.00059
0.00091
0.00081
0.00022
0.00019
8e-05
0.00012
0.00094
0.0003
0.00052
0.0001
0.00016
0.00043
0.00019
0.00094
0.0005
0.00018
0.00012
0.00051
0.0003
0.00013
0.00023
9e-05
0.00016
0.00036
0.00013
0.00016
0.00029
0.00025
0.00041
0.00016
0.00046
0.00038
0.00015
0.00013
0.00021
7e-05
0.00023
0.0001
0.00016
0.00016
0.0009
0.0003
0.0001
8e-05
0.0002
0.00022
0.00031
7e-05
0.00144
0.00049
8e-05
0.00033
0.00013
0.00023
0.0002
0.00045
0.00021
0.00028
0.00052
0.00026
0.00031
0.00024
0.00023
0.00036
0.00024
0.00055
0.00037
0.00022
0.00019
0.00025
0.00029
0.00027
9e-05
0.00019
9e-05
6e-05
0.00029
0.00023
8e-05
0.00017
0.00071
0.00019
0.00011
0.00034
0.0001
0.00011
0.00042
0.00032
0.00013
0.0002
0.00012
0.00018
0.00019
0.0008
0.00012
9e-05
0.00026
0.00025
0.00011
0.0002
0.00043
0.00011
0.00011
0.00014
0.00034
0.00058
0.00023
8e-05
0.00013
0.00057
9e-05
0.00097
0.00035
0.0001
0.00048
0.00017
0.00013
0.0002
0.00036
0.00032
0.00035
0.0001
0.00023
0.00019
0.00068
0.00023
0.00036
0.00027
0.00012
0.00018
0.0004
0.00113
0.00011
0.0001
0.00031
0.00035
0.00016
0.0002
0.00019
0.00035
0.00024
0.00013
0.00016
0.00011
8e-05
0.00018
0.00025
0.00025
0.00022
0.00025
9e-05
0.0004
0.00016
0.00064
0.00014
0.00013
0.00037
8e-05
0.00066
0.0003
6e-05
0.00014
0.00024
0.00047
0.00017
0.00026
0.00039
0.00062
0.00033
9e-05
0.00041
0.00045
0.00017
0.00019
6e-05
0.00015
0.00029
6e-05
0.00019
0.00012
0.00023
8e-05
0.00034
0.00021
0.00064
0.00028
0.00031
0.00039
0.00044
0.00058
0.00061
0.00023
0.00016
0.00028
0.00036
0.00065
0.00022
0.00018
0.00038
0.00042
0.00015
0.00076
0.00033
0.00011
0.00089
0.00112
0.00024
0.00187
0.00061
9e-05
0.00048
0.00012
0.00032
0.00014
8e-05
0.00027
0.0002
0.00115
0.00035
0.00025
0.00059
0.00061
0.00022
0.00014
0.00012
0.00023
0.00018
0.00025
0.00021
0.00011
0.00011
0.00032
0.0002
0.00069
0.00015
0.00023
0.00021
0.00012
0.00015
0.0001
0.00014
0.00093
9e-05
0.00022
0.00019
0.0001
0.00029
0.00103
0.00014
0.00051
0.00019
0.00021
0.00019
0.0001
0.00043
0.00029
0.00032
0.00027
