0.0035728377620868543
0.036571896118786286
0.010435824393015474
0.03684844525511625
0.02534745188160968
0.009211135116920522
0.013620092937166177
0.021421114029013137
0.006426013352031489
0.009680726932902098
0.009170893401977676
0.020341332143743035
0.017301551956757814
0.011718458221911903
0.008088291933454622
0.004097540939123565
0.023445846605785057
0.0020564413979737278
0.02482499594224644
0.011664528427080864
0.009394033371641386
0.031534758833670296
0.026554773032120824
0.01861412158522091
0.002358548758007779
0.011150331264879573
0.007701300042354552
0.022847419736668144
0.05165823207498129
0.06590786330180749
0.020601484727204994
0.035125107175325056
0.0015839195179161202
0.027107675352149686
0.011387605141512998
0.003509697181302763
0.0011181797617271646
0.03479784987229966
0.0627900127371234
0.019266380930416924
0.03147070801957381
0.00823423154181857
0.005115728775090093
0.00876287000561425
0.012405487935033098
0.02790599785271448
0.00815465205966873
0.010166144307490452
0.010054590866222572
0.008517628078378794
0.021425152602285016
0.05497949789015202
0.027596309653148975
0.009030651630494971
0.01589202134181769
0.09538143201291265
0.013641471268977
0.010285444999176694
0.011967305357038556
0.028896361998600163
0.04034584705875599
0.004957602094229619
0.0036654063958905417
0.004338969441127499
0.030421286272668043
0.01045878553635564
0.034894794713407735
0.015096958938640066
0.04742174993377979
0.03827114193980309
0.049139719425963305
0.011055559173731199
0.022866528676566224
8.764825422231419e-05
0.017449495879935925
0.023193699162492108
0.017949465848830136
0.021326448897179964
0.00286125288303877
0.00877283980819437
0.005733905471790942
0.009140906059605854
0.023077354743564687
0.0020725228424669406
0.015288719799916533
0.03036927413465462
0.03949338469895621
0.0010119100468234084
0.026209998738944938
0.005697013681958947
0.023261547251610858
0.019853138419819328
0.020635087919294724
0.04617786857318911
0.039158605664135565
0.017385622668758337
0.01327392565759436
0.007858748085886113
0.03047979560095024
0.052041154152351235
0.010931293224255201
0.014320264119403545
0.05109155841148402
0.004399421653226597
0.009709241464529941
0.009714155728735735
0.004287108851857883
0.034715721955866946
0.011720291670568306
0.022982013714155203
0.00745188679077226
0.009208527710561114
0.0012599974880347638
0.02496699536412638
0.03022963514160684
0.023311439136646243
0.01658829758104302
0.002613065023491167
0.02101755327831104
0.014183705292269663
0.03503123973284016
0.05527185793118474
0.038678180463568704
0.001293756059388238
0.006079016560603752
0.04932229416113375
0.039166565418867004
0.005163420765705909
0.0062494245466797015
0.011058707604413569
0.021899579956993955
0.01669162983216375
0.023249228385863456
0.006403576127332918
0.029328134613162367
0.010296573849658047
0.04208042884111676
0.02361264783779457
0.02182975177221816
0.017194307038183882
0.001709327252233229
0.01993308981276503
0.02869415592590974
0.004387661632518982
0.008376059953308824
0.0520669133554407
0.012449811892543577
0.02519758195141769
0.014607289585850615
0.0025390720182357188
0.006512591592614157
0.012688337689367802
0.047204075734885304
0.011636054646975562
0.012257492975041199
0.004149057284790331
0.05980990060424943
0.01016848847766291
0.008609640292426187
0.008249384358146147
0.0039025177395749376
0.006910184143509144
0.004821375526562206
0.031144016582543427
0.008782255499932728
0.00776190850173351
0.0019337541238825153
0.005695384022461034
0.002859544876623114
0.01364821346621494
0.033187339712285956
0.003860346747459249
0.00454306848504702
0.013928063647608202
0.05019361074504045
0.00976308998460452
0.026107951955582676
0.02954114323634039
0.004901526587469416
0.021163543568519565
0.02018269332598153
0.03796546364121781
0.04569023101039236
0.0027108228840552846
0.0018506318870606666
0.04513839819772602
0.03224803338211367
0.00280072828827913
0.02632551815662237
0.016788010746625837
0.011093999356874225
0.0008240986968169565
0.030742153850328847
0.05839410068799257
0.008694401965566173
0.022731532624845615
0.011051717707546083
0.003677279223659906
0.06412398073997562
0.06746418620707478
0.044453898335412516
0.006852894036414323
0.01380691339166921
0.0028152476793403785
0.007568099102912364
0.0026349521889502277
0.005933843720950221
0.012107201740711594
0.038340959470556775
0.008984113454077049
0.012289482114417199
0.006284590327203699
0.0033693648208889667
0.0024412437994574473
0.018146444628274912
0.010253820188624195
0.005645315728171064
0.012468767622594254
0.012720615298193806
0.03305707182473971
0.03423320011170259
0.001335564692253883
0.002278482676534497
0.004957134076497247
0.06816216160360143
0.006294262749403583
0.034176482819094155
0.012364004000022799
0.006300479602062893
0.009220867453811583
0.0105441254882443
0.007703946055796252
0.05763870460884886
0.03222833297080384
0.01985578024327838
0.03475854392227548
0.004981949730792588
0.012097532218237044
0.011645586158768623
0.00447831449494676
0.01430666701515352
0.050996853154319816
0.0015300869011746715
0.021812116586418642
0.0070292495081022855
0.004177202940552653
0.005035609365632564
0.0012704862746621313
0.027562048176923003
0.013216383691599186
0.06810455718280996
0.03141023710158839
0.013553980420315359
0.005145884003324445
0.011106783724463753
0.0044855021339500496
0.00012646941830940744
0.034177330033131365
0.039101994870609606
0.004581330818824679
0.01865612406593121
0.014240293609543427
0.0017373555340128865
0.004742314211277686
0.007038759083768247
0.038540948507932826
0.017678341290245893
0.004330948249434577
0.027895638551660416
0.006113808784542322
0.013611568172241179
0.003033509483874937
0.0017358447916892106
0.004859584840019361
0.02577159362779361
0.004500288165259365
0.002898413382353245
0.02070147603676439
0.0022231554527257055
0.005360697036821035
0.005597356364299529
0.017529069542794793
0.007078740455329612
0.006432503234343419
0.013603033671152464
0.026612669777417646
0.04720594681208006
0.01661193079981536
0.0011757545644899014
0.01167089589481614
0.00271797424933971
0.0061515440372840275
0.02965376095489709
0.04322547333137598
0.01155599241887069
0.029985563199260216
0.011689757012098624
0.0038866918102409297
0.048370281839473166
0.017278770883726775
0.007001567882966629
0.004552425573852877
0.0019069469448744361
0.0018444644020853037
0.01018081950527923
0.0114587111938394
0.019008870965833143
0.0036140024859575457
0.020026446764383508
0.002319686978029026
0.0023972766634120495
0.06254658718919827
0.0031192132426953486
0.009479895391853668
0.0027829496225422945
0.02927609665197876
0.031341046926795506
0.037189071372460136
0.02156122267020434
0.014275959266665028
0.04964899403162772
0.019524161321911038
0.007265767666122649
0.028499626798007476
1.2540613533760921e-69
0.0536719749108667
0.005542889062577946
0.06552942643597623
0.00863472528440788
0.013125740865762936
0.027998240768085953
0.04212916723191065
0.0041250409867340096
0.008766442679782077
0.015232712241285416
0.0020882093506552402
0.021145953993629615
0.003085051764717828
0.006475394732779494
0.0043832425113226655
0.008312126123707839
0.04490631571166282
0.007884392715835808
0.004597358721208342
0.04753832520032953
0.007247142535713649
0.019844068979759134
0.013686447820669441
0.010673940834647129
0.032495728706067595
0.017723832803691695
0.04405756488820155
0.009373026495681922
0.055402236531723166
0.029305303470117654
0.003850547114824465
0.0006036128014697386
0.023987612374629007
0.0010620530231417926
0.002646574219030588
0.005502483522539043
0.03812654339346536
0.028541187963527052
0.006322642794981182
0.003975047682687405
0.0017498540856457155
0.003208340337501208
0.013850265273868186
0.006134083934783889
0.018252671529195033
0.002134513206612012
0.013041269599430345
0.010364645332136758
0.02078437337293248
0.03150022504249598
0.009605531667429414
0.011915126017107525
0.00134067283808595
0.0020293914372002844
0.07063932282132843
0.0021563118808339524
0.01249738819938005
0.0076800798273421915
0.008895884989142452
0.023320193813027912
0.014872246684464692
0.023092017756662805
0.006501682573253655
0.02715503154498906
0.02420571893277856
0.014374956523061757
0.012656491771917407
0.0018910204302755237
0.011874541466864778
0.002215623161007526
0.01553378242408568
0.028690563018050657
0.018730232284490143
0.02217976395205406
0.0050955193446976235
0.0011180432628960589
0.0038941729317602037
0.015466509120344583
0.00857915614390122
0.023226172876495445
0.00033412261562096936
0.0022825555506384406
0.007551500565708718
0.0378829826401193
0.030824656806678542
0.03968205973795642
0.016106978458775498
0.019416592931315507
0.024152268096389803
0.0037454086683372527
0.0076389000187652226
0.023796641278496934
0.037887559049543995
0.005064259218189813
0.005554570873417243
0.003850547114824465
0.017869550605045116
0.021684174584663374
0.007927048488136015
0.004848761958452525
0.013001533766543269
0.022944780859316952
0.03137045768171793
0.05015306214796574
0.000777347809213776
0.02522209587931905
0.0427487058884066
0.07007708294991563
0.015588882095261552
0.019984983061093486
0.0023298260514530724
0.0038121796502504305
0.04017891128554588
0.0023988865256931876
0.036694399809231504
0.0016562563500894195
0.020862270399529332
0.06166745551891967
0.04180121604718645
0.012095011984567413
0.006243093037892861
0.004723953175867277
0.007634081337325112
0.0009726382486258132
0.019504188394556497
0.006233883385469305
0.016160185659096268
0.07111054373148797
0.0007207340096029289
0.008156955332501046
0.05263967166174666
0.014704227984657398
0.01151675695161886
0.004163150107508689
0.009219648824022576
0.0257293522884932
0.022536865334488454
0.004363561983830393
0.01243039415624522
0.011060584214236125
0.0075983066667405326
0.00826151132538173
0.09749890596553572
0.006830194221711354
0.06910882435303219
0.0015358133942610314
0.003383388728128249
0.020048967024922756
0.04356373081920062
3.1413026129432736e-05
0.02358873557563662
0.018669479653974863
0.02123667550853873
0.0068607225139207815
0.0027715969789000967
0.03356378538860136
0.0037790000687887996
0.001703578404661781
0.029177410767609786
0.0016468114404459622
0.03633231014680032
0.016143893746087445
0.01457380716105427
0.00823330166912563
0.010227798085586498
0.0014358387711210516
0.029855184769517595
0.01283919904566349
0.024084118987730756
0.052183008584848506
0.01586929945347475
0.016777948650884143
0.010686368875331427
0.01182510398804233
0.03530611652380953
0.03647332113923606
0.029407782427009917
0.003612643046074719
0.03696794674021801
0.01017073836600839
0.0035978055812208786
0.003997825188467437
0.01763482658916388
0.019139130463260424
0.012555919808695103
0.02084916564133733
0.01015353379578222
0.0011893550560803854
0.004236837255108843
0.08075044524637516
0.020651045238497246
0.005244157039259889
0.01271201372150271
0.023972788924862206
0.020815288228804338
0.0034194431145649425
0.052113382384359336
0.0057607368519121994
0.027474558947941003
0.003848204199854311
0.04457642158063753
0.004656237826883074
0.0034543810476521616
0.025996473283634226
0.022550350074540516
0.013714601620538992
0.008792858065212511
0.03939731770244811
0.0029886600321778695
0.013757960525664352
0.005030906370842713
0.02157983525631989
0.018780551440040125
0.004657452088909654
0.00931497278595978
0.018063782068973855
0.006229341301303732
0.00836603487923009
0.023100553751741266
0.02161624937540341
0.012941852301741705
0.04630513458557566
0.004581565470020364
0.01085205694879708
0.00020458534900311042
0.026396799824276854
0.0046415199694193774
0.0016083163845309117
0.014878345663319997
0.0312312719709463
0.05886739166281718
0.004162281646245751
0.014832321009079141
0.0008197127597252577
0.004711683228018374
0.011091446361410977
0.016619369095121236
0.01609186732059973
0.08185366959038892
0.0027171199836170147
0.053006579637541566
0.00013090441695744388
0.0006265952577146034
0.004713742621589573
0.0018886558933893828
0.009715575687558882
0.0028488757433585625
0.023049305597929625
0.03901347674967461
0.07977798877964691
0.01448021927872537
0.010160952874210054
0.000591722294566262
0.01098370010382718
0.011156565548109728
0.008208383615899897
0.03556696942593906
0.023662482368320824
0.011597288628934027
0.017600889833342744
0.004829138256929942
0.014769226623612516
0.0025956086013783648
0.008159361965372437
0.03340119639458801
0.0329157018173429
0.04518341881641371
0.009124449479714856
0.0272028338148263
0.004654114620098788
0.004619767462136892
0.007049590622296503
0.0020230722471861967
0.01235746643770748
0.023668522276680058
0.0017648458696412708
0.008135980726643696
0.04846469737701929
0.004758943340179838
0.0057384473190016105
0.004418516292742641
0.008813484300435902
0.028480724340078287
0.005303338491093727
0.004606460127714001
0.013456251542681904
0.003188990649510429
0.0030581331805598867
0.0008888220952337181
0.019355842957262816
0.004265997156632568
0.03813105617325671
0.015691304314097945
0.005619428294457562
0.00216255893281503
0.0005808957994824283
0.022274817558652207
0.0068696909716948985
0.01027002583757859
0.021998243456028868
0.015472248051940743
0.022931498559958397
0.017606615224045122
0.008175321939513711
0.0073880709937226355
0.008597741701668112
0.016266055769282264
0.016325844485992804
0.0025577425921827716
0.006620259472176896
0.017778882068069952
0.01488941442943071
0.018601424916456447
0.036617784962985296
0.02181270189915459
0.01725900364755987
0.0037205355796103086
0.017377634999671505
0.031342409347923664
0.051460576130263974
0.03652926284956419
0.015385323699456237
0.0026053866037130686
0.014884937187090474
0.00728904164672305
0.040239579101969444
0.0009692206948740674
0.03062582736814787
0.0021580284743577625
0.01126998539430091
0.0027403112931524655
0.015699074881717196
0.022302172051351304
0.001954315091997994
0.014509811799223605
0.015973585612264023
0.021827425734530528
0.044022677170052545
0.004414358656614748
0.012021980932053769
0.0021506346813451502
0.011445553733651132
0.020600148646515777
0.010393123007896174
0.008705754549347957
0.0028457906081784286
0.015992916370557327
0.0025072964584967232
0.024180763526464113
0.0
0.0027210305508499105
0.013402700344600673
0.010315969708413192
0.010704621525001224
0.008166563029845551
0.024677201769744757
0.01862053398446086
0.0138858941370373
0.049074459901575114
0.004093688085159137
0.03813878290997174
0.006927797532784504
0.030986130847248772
0.015842741993343203
0.01207162859476204
0.052497008029568984
0.002816583723523737
0.0018490226436659828
0.00239912793894488
0.05981959706089942
0.03489061635196901
0.06000318674444203
0.004956429195018697
0.08211714795593496
0.015296913480048219
0.024225654310546803
0.01975640149785211
0.021978322178944493
0.022457582771675325
0.009335691632889349
0.020373684509079084
0.04964280488623092
0.00639640792194936
0.002232968722453152
0.0013272181213559294
0.017849252843728233
0.01530509508549228
0.0023585392108204043
0.009817540245797849
0.026660567737891338
0.004947819171072901
0.00868038537118211
0.004412770035532737
0.023560594653696247
0.04860376338538312
0.04560391080705967
0.014978832849307082
0.01847756043238318
0.03274974172402196
0.018258791061894958
0.05271550812097979
0.010035890446888468
0.01644049664683452
0.0032362679309538996
0.02022812506443989
0.0031819314475498594
0.01111718062615333
0.01920207788194394
0.010071498386384261
0.006763479107388162
0.007863063118712498
0.004726088713368567
0.013109649103778305
0.044331485004905066
0.011950887498561828
0.0013207459505620493
0.013658044055166981
0.024654648416881943
0.015838221777782328
0.012525623451824178
0.044448961493349586
0.03448690278701593
0.011545197063190273
0.02949185429055935
0.012776149460549202
0.005554367571820134
0.003703880756160599
0.0032561160718246832
0.03239062897265357
0.017139591377814792
0.009480697208865935
0.021863434341516833
0.017820690978512046
0.013898533400159521
0.00783662801037934
0.01976282767766423
0.005725492261664018
0.0004047052753937336
0.009719332923016657
0.01982059187064587
0.036613898533944506
0.043981074043964424
0.0010983724191924423
0.010101493734482091
0.011017078942065165
0.00305479045499452
0.0019646193253613567
0.002457715778475429
0.005062232767577156
0.0017190120465015806
0.021913069405765224
0.03373914497971311
0.014615745956331739
0.0010788132325664738
0.005980993961070279
0.024950143904601582
0.0048165994293641575
0.010364978926311505
0.004212271746279385
0.062471759528648356
0.008136124274170434
0.01635473690844724
0.015318422736387574
0.05330038514992047
0.014737253501302176
0.03735638451686572
0.006679789882118241
0.029844747993692054
0.003277529354211949
0.04483161677549318
0.005950353670051116
0.008813418576920189
0.0054339046648414525
0.05165521565586191
0.011095740935537671
0.05299360725197123
0.008652076055378025
0.03505030188790628
0.004598716761486977
0.0117909687477798
0.00010168029349065851
0.0012278732860982057
0.03657304192151662
0.029475200968572465
0.003333982039351731
0.07585031030442398
0.014836927719689462
0.004411701310356076
0.007805012275948005
0.07080667924557278
0.020852255383476685
0.0397375078866016
0.0011877011827491932
0.008587401695241394
0.0037484235979752248
0.017071791614741528
0.022855148036954008
0.022682681632582465
0.029699257853576442
0.008330543932008954
0.036321046208209556
0.00942913179046252
0.061932631250818
0.00331895645683504
0.009915519411451062
0.014101583733689495
0.02542988107307297
0.020092076927500487
0.006902485179902135
0.004781918960215872
0.0021059787400851595
0.003569513186482247
0.021165016280371474
0.003951694604008411
0.005846170680546827
0.009506256849764137
0.0010138439982283923
0.04517983261472852
0.004177521574368986
0.0025135149241593394
0.005906331402725848
0.022091485792763946
0.017161391429872226
0.032406026773238936
0.024270656005402305
0.002886243056803914
0.0005412152625872623
0.014769218027806473
0.015300539842063296
0.012688110705815676
0.00598766098094807
0.007037084129693233
0.0032756534413163115
0.0006442202955103864
0.012473673860756774
0.014725119229831357
0.016178947275611838
0.03617369590536116
0.013512009558171563
0.015190251984003821
0.0074475178007797835
0.021346112500226555
0.005987879432938795
0.0012955562485513928
0.00463596960361431
0.005350603322015531
0.019892073148233054
0.005337483935130025
0.006852179233089753
0.016938229949779993
0.03206424501756845
0.024018116132154054
0.016651867167803765
0.02204504737300096
0.009138183123244248
0.019056716760669768
0.022035869427023416
0.0019437325655212304
0.01582456153441664
0.006288024114625203
0.013461454276132701
0.021732279209061796
0.008044214386820835
0.029062019935588303
0.019772716616407764
0.00041895125393206465
0.005228794350458586
0.014645366494148715
0.029639365907524428
0.0032820053935329542
0.001558037287546408
0.02056671899352479
0.07352733166503564
0.01154479199876426
0.004370936344297207
0.006339037851008933
0.0029370985064701683
0.03853449990826843
0.03311439475955595
0.010150183991700883
0.009997599269536486
0.00664428704176307
0.027877467755636872
0.005230409634314739
0.009610806727783526
0.006467915527755761
0.0017405706862706344
0.026580451203577066
0.0059099700963700045
0.004423615058548288
0.025211504727281814
0.03268541891263118
0.002579461206199035
0.003175724932417158
0.0204150091330437
0.014783913047993279
0.010213275403269832
0.012575187631795865
0.014346760780334875
0.0027828722321251945
0.008014933512750809
0.01940579408463267
0.0036079542102584144
0.001457826716720943
0.007568702413168244
0.0111676843128271
0.01660295611898298
0.026266427034708217
0.014465811434436492
0.0037448380663848016
0.0675479520391905
0.06468065321040571
0.007930253103469924
0.0416140582629748
0.02901552489857424
0.03321861153005635
0.0058845358320350274
0.0750991036497926
0.06249777311891053
0.005921087201806767
0.03697535157751136
0.03996502629391802
0.010920329586576894
0.034209200562766745
0.0038277671595991027
0.004138951976120196
0.009668034082979475
0.03598392201002173
0.028479124683587372
0.0034267113131625886
0.006898110985476129
0.006055504082588146
0.0032540069386701406
0.00807804423578113
0.009543694847086065
0.018100203789782426
0.02804178060598438
0.019399909840239763
0.003464839267086923
0.020977319221898626
0.0026592916243608645
0.00305866525032047
0.010924379928825636
0.00421284422076813
0.020152382871862225
0.022332638768808984
0.018527141373492446
0.01018425731445778
0.030492790962087447
0.004683489621235475
0.02133003590625639
0.0324191655160667
0.024824537524809193
0.05651815925315434
0.030023171000586716
0.02527474427272856
0.01398029907112182
0.004947590375128345
0.032758426150114095
0.003519849251519545
0.007842772405253023
0.004483693141325197
0.019752160060487037
0.01748314817579274
0.022114230971241208
0.006472596822743236
0.030814796301532936
0.012977462517673673
0.013321895983239459
0.01884116942992673
0.009425434485116015
0.008031687401421227
0.003145236722799809
0.006362425569390517
0.02711548822838348
0.01937031657459382
0.007181231464828815
0.0060553696403510176
0.007003387828488966
0.014239031753319703
0.0030542144027111166
0.015446206411047615
0.08758099568004143
0.003713095908295554
0.02943222711484622
0.020461416338409595
0.09164081724750159
0.05110874410971444
0.00689085700969904
0.015564359976898147
0.013432765103883653
0.010799525846435764
0.002920111705126023
0.026804728505807687
0.01192308891116973
0.02799281509203098
0.010182823416211972
0.025395658786900522
0.003376320164308177
0.00440428209859851
0.00591747702494395
0.022430968504767182
0.013666518543201903
0.0016890952504897971
0.015317433572749534
0.007753688147566935
0.016600167625636358
0.0044895864416155855
0.01152972979119524
0.004141137945971533
0.0026575712696686885
0.010234176917136762
0.0027718645672241654
0.004556416324516982
0.0218312630052915
0.0022898634340913124
0.012201292387141564
0.035455514645915155
0.020349025784268487
0.012800443276697175
0.013766371324040799
0.030663456447403425
0.004051541135332478
0.00047860430724058376
0.003221916337720616
0.004505829277661362
0.020053439056560783
0.01208373192765679
0.009252305024663777
0.00835681784702393
0.004496224452245138
0.0028235444086509866
0.005917301300303515
0.018117176387875817
0.00833931264399646
0.0533383437489156
0.01381610713135686
0.004282275796233187
0.0038301278655811866
0.031167288982809283
0.013612782256242698
0.028638080168501563
0.016735458996783328
0.002295773508053903
0.013456894806773102
0.029870324061174174
0.028906632235601793
0.027299686075523452
0.01681607360257987
0.027109421916548658
0.006227872052807015
0.004381121856755957
0.014542747334806087
0.006401410527361087
0.018592418111930194
0.004679366759546339
0.0015333182734454844
0.015357491963643853
0.0055258711296491516
0.011501965177519698
0.01096749329377265
0.004662219620108621
0.003472441029584752
0.04175207271820245
0.02636947209198639
0.02149264617318354
0.02872599561191454
0.0031807820312781845
0.0
0.0035154416172164926
0.003977177230865436
0.001097417313764482
0.07867785930441648
0.002195423448459673
0.026115984625332093
0.01605261161526384
0.015705942564205197
0.015207714917050476
0.013756908369621207
0.0017406835369545054
0.002085232101244461
0.021038212483970895
0.02768069215779003
0.008033485580659722
0.016763296410576792
0.002216632241321658
0.004084924632454697
0.0228646237565367
0.013030895485437583
0.004823006148018455
0.0
0.015862620364725178
0.007135349723545015
0.041664631154192965
0.0043730590962764194
0.06103985827171837
0.006003017893855794
0.01037465227106264
0.004375405349655541
0.06453719387195338
0.040164735926214765
0.004010161196124931
0.017055099293832792
0.005346772173788762
0.0031116864464373942
0.01146927727455583
0.001860051341222132
0.007027900394498635
0.00818264664248113
0.01337798163712788
0.00992139292731762
0.009097795877564834
0.011719963120558912
0.021507036101585664
0.007754018471966627
0.010131444747923485
0.004394969739478443
0.01271172694206938
0.012548783823575167
0.011216751883893157
0.016563411966423195
0.0007596370701635983
0.01051591635467634
0.003955400147497665
0.02187486486876198
0.010888679714643072
0.01147370840806594
0.007194240022950318
0.015101864531434542
0.00248428151089084
0.016171115092683746
0.008241365979357018
0.007314469110114796
0.00022081121982547638
0.004211289171937971
0.010292536419117091
0.04506429531915656
0.0008302034853932452
0.022001361500881195
0.0308773202653001
0.018127296981713774
0.0410591373190745
0.004260549178253992
0.005399502878166854
0.017374875792556695
0.022140628333319066
0.01841767431729365
0.004437076725242415
0.04101037122992851
0.03485269858885402
0.007129095195430616
0.001374977552463473
0.025070858550473207
0.028402208657305684
0.014837929845618832
0.010265328910500093
0.0062332607291424235
0.011419688913697216
0.021912678804476834
0.006139811937490838
0.04603978164993852
0.0030659206211072904
0.012036313903511637
0.006196697040203317
0.004199779841454128
0.008289403071652726
0.04112155930771968
0.014572632310721943
0.032900169672784634
0.027084628811233167
0.045800151274899226
0.03297954758094644
0.07733641735670159
0.037188749161671884
0.07670394248494783
0.001356835490341687
0.019517618703699495
0.005867062867867103
0.006388218830686919
0.004127335531269937
0.001696187920734285
0.0197915918447805
0.003042063021649422
0.017218240333163493
0.003841233526515155
0.010919240173171547
0.024989574416533253
0.006333736335438503
0.017515452721918547
0.020472017317758485
0.02280917370336451
0.003975628602495577
0.0209360553573056
0.01667820100402823
0.01109837723581181
0.021253496229972864
0.032136797305274335
0.004957223392899402
0.023108665526473147
0.0051846202576733185
0.017844049314183947
0.016335506831388378
0.010408844547556483
0.020537980432785482
0.013735147545620451
0.07681097630301396
0.0027595458044208138
0.00462314389331984
0.040155946620660785
0.0060539411714648035
0.00094806140412813
0.01746819735187437
0.011389162069417912
0.0496116055063683
0.016997294796342467
0.05130604556690975
0.003042194725539269
0.05947520746426959
0.007396122006940798
0.021028608362834895
0.030213309148385964
0.028812375157311665
0.007036645965828606
0.003805797267487787
0.008480482335502205
0.0018102605847830772
0.02798051347847407
0.007247994447685213
0.0012007921558485509
0.0019278639454063935
0.0018469865602539282
0.0012259837155887015
0.01299423685494921
0.017187619291768805
0.0273965247502106
0.00023436456671447703
0.02724627328945112
0.017756039686386463
0.017002259581581785
0.03288106919497204
0.002485552770174738
0.003999757015488266
0.0011551417417459027
0.018419140663179318
0.008374144062671764
0.023173974399621856
0.005072037217585771
0.013693292487351745
0.025499893222611026
0.01178464725990269
0.016804111489168057
0.012013062768978499
0.020398050304028345
0.01430782324180835
0.0077344044102984665
0.0030604977239737097
0.014840002933291728
0.004727224381674566
0.01711503160691059
0.015405707510213447
0.017223249533931756
0.01567683124801942
0.03725136226725271
0.006789404245505035
0.005240545918297687
0.035723438814555475
0.001196613333017623
0.005993258619983138
0.001291848234653768
0.03211566521780317
0.009016843760363356
0.005468687950659196
0.021840694229866956
0.0046180205184199186
0.024273140085143894
0.007269319459075714
0.013057789836094706
0.031267536258076795
0.009709114560999032
0.02587746379330195
0.015598950185535504
0.0015182720503263115
0.009930323895740589
0.014902680760905994
0.0050144436913738795
0.02190346029944857
0.0015621657156430512
0.0009568734170077871
0.013692350798647888
0.003543922579927902
0.017706596552634794
0.013671345569916208
0.025469339530008298
0.003679121986896194
0.004180120886961418
0.009780251515562928
0.009229326172982815
0.003982716518672184
0.009533453695971162
0.017724990862362892
0.013166337987588674
0.004150662727765089
0.035007636924083624
0.0013069723490076754
0.001889376066446115
0.051282319267844656
0.003418735799987492
0.026848588906328057
0.010418218238654568
0.0
0.028138631810901087
0.005795731335656185
0.024685562437551697
0.013098634891866917
0.011982046236791003
0.013445508222576324
0.05621647699786321
0.01681984762015274
0.0018302931385597463
0.007191424973070081
0.0023988127816139365
0.0017991198786557559
0.008685118853968611
0.010268017585240808
0.011376087687905125
0.025497281721977495
0.00470247868533155
0.005416616825343716
0.014934716787054804
0.01172006033287182
0.04496770752338468
0.0033278695202466077
0.022305419992333504
0.004161498916660469
0.004616508348853587
0.007936432882404145
0.0028002382166158668
0.004487772508605484
0.0008622351538588925
0.025953635992156988
0.01185967760699647
0.0025057532004916575
0.007427809253439491
0.011162105799735427
0.0
0.002889779772285811
0.030976859439525852
0.0032059103300733274
0.02563178830886533
0.014427378448440064
0.0021956497454899177
0.013168194978541808
0.00567468894445925
0.027414050191662293
0.0013312533222821555
0.007418972027916627
0.015398590403283655
0.004579851339596727
0.021355920335435593
0.02798391264991008
0.007266363514437827
0.004934718071719092
0.058474003320682005
0.036022587324183244
0.022661754382965364
0.01604304768781807
0.020332658295751677
0.006438870237724379
0.0017065928490119754
0.01701767595792086
0.01690423544866055
0.01579312249802831
0.0074458871404859996
0.0020701740212440644
0.07265039580497415
0.0075497472657860346
0.004787468035109838
0.014929128946440004
0.016926857023574698
0.02856020559825267
0.02899539923107397
0.0144982810321075
0.013661232507841809
0.0
0.0010059223894240067
0.006153602019182561
0.03967307460679121
0.01273078405476752
0.00044031409997766176
0.02977701499725305
0.00919628285290406
0.02411974602137643
0.007157194997249986
0.009981756876901763
0.005385230186838047
0.0010342065263263453
0.0017176318590717036
0.023024730331745225
0.0019389325992337423
0.01127550893109422
0.0037144790525503596
0.01180277702065828
0.011036229403217314
0.0018661384993028938
0.019024647286179888
0.002816142121576889
0.004519366929958011
0.008671002968636632
0.013398438610459106
0.01897680562934025
0.01474437938451029
0.009060245417209572
0.02534513787464665
0.015521228402392248
0.006961005098472423
0.008215209473273026
0.032461010739303124
0.0015557810859299186
0.002360081064821703
0.0009028921524146496
0.0048997308860653475
0.020126246147964953
0.0344367776369072
0.008969186621705672
0.009647858937425355
0.010274959959123704
0.012518317683018008
0.015959684947706852
0.0016513626026346676
0.017007671577633283
0.008038740735297794
0.009095546747746309
0.014399394344908978
0.012362726254943153
0.03342527415259432
0.012499144283956085
0.016481758712150643
0.02566240809237704
0.001398774470631679
0.0
0.02209683545165339
0.0037971460838262644
0.02562483861036585
0.003109812893860468
0.004346938191425312
0.015409174023396572
0.004766478498552368
0.020135423445233863
0.019766217226857154
0.005742130328123952
0.013805855993193157
0.003471271587157537
0.00123828199767596
0.005530715888692327
0.03799715782328365
0.00033330593655940495
0.003480732245345505
0.006897001283850065
0.019602134777940546
0.005989123863461737
0.002971646561452345
0.006932441493245367
0.025051745375020033
0.005013742619811119
0.03993340647422796
0.0077357800758451065
0.001084988878560773
0.0013864437314427974
0.017067691794971175
0.025768077943791018
0.0020146170285785547
0.03238371591385623
0.003915519532551627
0.03498404509807609
0.0033706852293495346
0.006264179798361644
0.0007087877940608199
0.042671682291903115
0.00781246428790384
0.005954676807489127
0.006313326282802234
0.0035142537426252835
0.03753380485478729
0.0036879712005229693
0.010455496001714833
0.005820566007048369
0.01691964662110021
0.009135652025007986
0.01832045835512611
0.01582297105606433
0.00194767088258595
0.00313184062049209
0.051617113384044955
0.04552965302429527
0.01018877040768722
0.0024333021778397464
0.059604559561597784
0.0013237955177798739
0.01014804995369908
0.02266939419533316
0.00013148963005108014
0.013636813319738346
0.001575250409367672
0.022669737669124203
0.007304509422213885
0.008838697770580694
0.006039498859202923
0.0
0.0037727410656207185
0.021361662808331894
0.0009244384799994254
0.008878117094806187
0.0
0.02080544579714117
0.0013568059478811965
0.020174342253249614
0.00826306711582421
0.005434230996255525
0.009977566103012502
0.003691968107494663
0.0027928398293105105
0.010032402315050525
0.03987527726991257
0.012769703628203776
0.0028808742079518236
0.025449602520790253
0.006560524542668751
0.006904633172295371
0.004616647317050097
0.05557155922818196
0.0016329869140497121
0.0029151695046241697
0.00208767009202354
0.02465436450748683
0.01476958561885205
0.001898799272397512
0.009190610383635122
0.0003766156394239057
0.0031732516874804534
0.0028753793842777797
0.008443769053919423
0.008367845929773564
0.0038925901712885914
0.005507823364066463
0.0077632524112067666
0.07496033437373369
0.014796838622401826
0.02075219022716187
0.0024160238065623297
0.01524177772614147
0.006072279666550979
0.004237766385913669
0.000810763210016342
0.00016420948225458226
0.01764925437135138
0.0011389891513072853
0.0026001330642623074
0.02867374297950166
0.003120258134678509
0.03150933574564153
0.01084145177372237
0.016532117001281026
0.01961056474986397
0.0004434414162683586
0.029765341796340078
0.007048064453468125
0.0036172169202151783
0.01121301297645644
0.000427359742283042
0.016154238282282966
0.022937538004878973
0.07387467766749309
0.005310199989048523
0.042436792061339296
0.007948530838556157
0.006090014359166704
0.0019413865602050738
0.01521235395938946
0.02502191124168866
0.0019056034771872726
0.0036835249458898873
0.011145279747106333
0.025977848220750763
0.0034192273784946097
0.055852878113871775
0.01094305391004088
0.004120953693106961
0.014981784832703909
0.024222491181087775
0.02969730370307356
0.003958594388332142
0.002821756550661667
0.00911487096620917
0.013670605956158237
0.019873372279514242
0.014756054658892966
0.007238665539676955
0.0039632435042917455
0.01923843910259883
0.004437942144208352
0.0012425740265841001
0.0158260431660645
0.015223453091409612
0.02221717669969603
0.004159800891011366
0.0056328972955995375
0.015239870857528275
0.0057127050612238535
0.03952395350927228
0.004174414493739097
0.0018556556868494735
0.0077165017472238424
0.020822970764418375
0.00621177043251942
0.0005660553088155534
0.029381356195029396
0.00024740489955303564
0.0155129370826464
0.030268524825297686
0.008619733753894562
0.007013578126728461
0.0029616347705597847
0.024332238240012728
0.02928489903418165
0.012656776357839282
0.009061296272123574
0.00044516691116158893
0.008721562748828066
0.062102638576664766
0.0215071258769188
0.0048680450239153164
0.0071345069796766945
0.025734695219803184
0.007164056941365214
0.00613681452906108
0.004537887056961773
0.02427162395114783
0.0022810109042530322
0.01367392392848216
0.013058637095731143
0.04988731696459408
0.0036664602763586958
0.024334319019387474
0.005297320827558636
0.0002206192102748679
0.016992745337987305
0.0018914631910953886
0.012994975683493084
0.0403780128948633
0.0011584206433944517
0.00864858700761851
0.003928832986698848
0.0010352859312252759
0.021912855712253532
0.0017728865509105856
0.031535009615883555
0.007447483829031344
0.0030752559276252616
0.006521949571777658
0.008673117719896916
0.020395784179172767
0.010000183027389777
0.005148035647647708
0.004014959109296015
0.019611077509423536
0.001313638533216873
0.012899230874773225
0.022643374161354368
0.003787866521356996
0.008561417758847804
0.0010593500166511496
0.0021743300343317292
0.009691964696599652
0.006738496937103593
0.00985200405255238
0.005177685920226146
0.00932058716500786
0.00018858438650946012
0.015620322176316846
0.026959337676953618
0.015422362306680145
0.022620817004666716
0.019311983167989946
0.004818974356077524
0.008426489466558548
0.006746934971099475
0.009471869316076232
0.016825700187033985
0.019575639027031733
0.003202297349887909
0.008332405294216954
0.0004560648986850223
0.0004952534405815421
0.004336813585866956
0.02457984064148608
0.008343017101956453
0.00093214102988524
0.014372414923237242
0.023693545998266893
0.009782776275438785
0.015916502419296305
0.004876510767385699
0.010522829046462425
0.018116350903282705
0.007635998870872069
0.04429795127362662
0.004294918108292246
0.0019209489466386464
0.011462041426893317
0.0016688835459426838
0.010926959753720726
0.014734740605819878
0.0015893519640503854
0.006158849889059942
0.0035094490823986
0.0029767567605241555
0.007336636322065443
0.008704171962495386
0.014811374929932597
0.010100565548613325
0.013970581918035303
0.004035804631367264
0.04038930051208155
0.027160583656500387
0.0007620167016260746
0.004530438130359738
0.02414474261467917
0.028353925154765456
0.022977592428516175
0.03194674494184924
0.0012620444352983249
0.00035791420980553035
0.005492222457754571
0.024232257076146676
0.004746547957903645
0.0025146996876820368
0.0010213887414357889
0.01931462737748931
0.007318595457344996
0.012257033984787105
0.009425213749121811
0.02459165462588336
0.004191545574394993
0.003993008020571456
0.0008643960447552214
0.0032668132043752176
0.00648077244040027
0.035921432716154535
0.004848963595885554
0.013508579379047437
0.037274935714178524
0.014940441378169302
0.007597920559453097
0.004862318612528735
0.0016815359003277033
0.012913090770382107
0.056636841487239194
0.0042930295245520375
0.004628208220996441
0.028058697066509947
0.0010741191805131542
0.019078248083928613
0.0019266465406974664
0.002644749392045222
0.005423347965186939
0.004621285864770063
0.009960677983475986
0.028082397495863703
0.013151209662074802
0.02567317199643624
0.0011148299963527394
0.0023992514779687334
0.003534554373437978
0.0008538442019800903
0.004940606799264898
0.0024470905953185773
0.007638318885930117
0.009557467895251326
0.019782278180327892
0.0005287585710403336
0.005523225479712214
0.032052532582748386
0.019538930401503455
0.00030464710598445934
0.02306890674489018
0.011601205974912042
0.006203374256070203
0.005252967895987107
0.0014565590426735653
0.0008417422481519662
0.025145256195885847
0.015031938648406216
0.006300464499308999
0.013838108997083055
0.004990408525494607
0.010803000869526036
0.009165315077621817
0.0014906201909769188
0.00533597831241111
0.01660406777381391
0.015903406984375083
0.016390538096937364
0.016503115584750486
0.0
0.020275516178162215
0.00131822604602528
0.0013716509715775375
0.009880555007314822
0.02955754449791899
0.0029261280572387602
0.008428868257396017
0.0003853591903027425
0.010786950051044939
0.012136269160368258
0.011105776798992257
0.015522063668267307
0.004602386837607524
0.00720151014215622
0.009284410079504717
0.002757210321893665
0.0082273830446694
0.0012364929205908337
0.03384291117402054
0.0025549044825357936
0.011062317612522419
0.01409455974074955
0.017639283172083145
0.0030807663364074618
0.0029441336314951264
0.010763283222913195
0.007594293783711118
0.0013688762121969063
0.006995259220511652
0.0003958082076077616
0.0008750837179449957
0.023455829389418602
0.0037636606124518872
0.018515921383806613
0.004611045240588346
0.032086221369284566
0.010891256383123438
0.0014231965675254887
0.009029166929648828
0.03449694209455325
0.007170130239093765
0.006902270475854697
0.011954066791086536
0.007982213708053021
0.0064434209539645125
0.0027497858565605107
0.0027838303553275666
0.006892808977206046
0.023824500902264057
0.003912548624927182
0.001306629270037296
0.0034190718812056545
0.011605138764390677
0.008758807443431256
0.009547475627524922
0.003728039769549946
0.011703900681759083
0.002959256275387261
0.001547318966330689
0.023438937710230732
0.009506194822406404
0.00726205416835161
0.01701580344529626
0.0340496779065532
0.010586820971995797
0.01230568379179105
0.006955355421987887
0.002395719650354686
0.009131600894928581
0.002390503002543742
0.02166673205805705
0.02038144517151334
0.01083657501670404
0.02851817126826182
0.0010061704133104482
0.0324355929549008
0.007443927391174441
0.004472406514920378
0.013371688830933804
0.0047195847992552815
0.0012519091010382353
0.03180094744584972
0.003995155454697625
0.004555025357923339
0.014656475638003555
0.023084411560317875
0.0023547195073357883
0.0025683609896476416
0.007540604597500773
0.005161724614661654
0.03348452706836111
0.004851804893468596
0.0006731784979693053
0.0004977124236157718
0.0034209941559733576
0.0132442890016728
0.027313265341402843
0.009029875447123609
0.01689403475564728
0.015588298469582164
0.003586518187795604
0.006746636083654982
0.02102037143896884
0.010060708982458387
0.0009133824641184115
0.008922989368741165
0.015649756537850456
0.020403073083779404
0.0014565590426735653
0.0034332396910645427
0.005410438963902117
0.0006786988740097788
0.005041957248839925
0.015918979356585386
0.0067319952312718265
0.004478627890405563
0.006540631290216366
0.00496402083485305
0.010198971432005495
0.0022739454018765046
0.010646459348389
0.06925957078982159
0.0036594611962830256
0.0015743597355904909
0.009235697040763909
0.0008915898720754568
0.0003997805121549839
0.00375202345549154
0.002239710115303239
0.003883703017673336
0.0015973075870826822
0.002650129316193794
0.029504204791111082
0.0037923594009027584
0.0019769459556533775
0.0007051558645247617
0.003059676189897373
0.0029329941418242546
0.017840470567162255
0.021627288096452323
0.013020740807294703
0.013663618732154492
0.01557060619524092
0.0201402214107816
0.019161524652100897
0.029497883291423773
0.013241852702190419
0.01555760666512366
0.00973844386978871
0.006621533414825926
0.013568995863562125
0.0013549434540380027
0.008932509913184467
0.0
0.011165432427900406
0.008860495659488784
0.03609592955851119
0.0048945558073347755
0.0010501067288537992
0.0013745374344022823
0.0
0.0021052891669079824
0.0019465928606478547
0.019228386526964483
0.01104229320162946
0.005984524431843216
0.012490544793317645
0.007219634410514941
0.010364511133683309
0.00028145982796713205
0.028752815167790564
0.004206880866718661
0.03119649136778134
0.012546468781991464
0.0017236715571091008
0.006512420610365711
0.002113241077072066
0.008546595407500222
0.008739656032317734
0.006385721791314967
0.01601113299491221
0.012321608539761981
0.0
1.2540613533760921e-69
0.013851680389669286
0.0011067622111579421
0.013085682114110637
0.024352954746069015
0.022798031301764925
0.007572138945163415
0.00238486969673438
0.015283083311861685
0.00959759655153311
0.00977145340592265
0.001247116895719047
0.038254572865848525
0.005924871885405469
0.004082618546955253
0.011673379378260618
3.138571048380961e-05
0.015250922150699625
0.008577875372462004
0.0146067055658139
0.010985756480907492
0.004144639325036902
0.023154840146466855
0.0005645387279160558
0.0008643152014779462
0.009723204225380153
0.018503756319731935
0.006080902132476069
0.015086006006538352
0.0019826049549937805
0.01629952566564991
0.0010177814179942
0.004917891725410303
0.0014567932229366542
0.05008160798799472
0.007161707141686311
0.012076121983337986
0.0026547001239719593
0.009439838531354753
0.00553809190030909
0.006382786390389178
0.007639457115249249
0.017783373147690622
0.00889432725552596
0.0
0.004987038279253206
0.0055751224048595635
0.007374750250850366
0.010642318349857077
0.025556624652707798
0.0008787405963670896
0.005386926804971527
0.0226973800807852
0.010164750076538154
0.02819368155295635
0.012585177940349482
0.006547119135999371
0.015455974712727411
0.01727591775571591
0.022475977403058008
0.023299663622553934
0.0058712846004798334
0.003055689230391775
0.004259090047321095
0.011959554004222824
0.0019634402217544402
0.0015157783744562657
0.006993637693441729
0.005798362399476576
0.004171745808741127
0.013590451696821772
0.00448228984505735
0.02696293487953617
0.008140003504643478
0.013450041226092415
0.002911541478095195
0.015057020633990403
0.002609448820200269
0.0037075999724047524
0.018724885493752806
0.016821275305154103
0.006312946745178874
0.007090069644027381
0.004163174593027761
0.008117545854037692
0.007859340977736527
0.011008387719270728
0.010751938611023467
0.0003639358051595855
0.02440830060459739
0.021454808598149355
0.0005251539214954447
0.0013422126675836142
3.631235947165712e-05
0.01593225058437916
0.0
0.00779047722308905
0.011622362947697983
0.00875983926323983
0.009952095298850713
0.002875747270804331
0.0032415880750474827
0.006635232639866573
0.011211661159599828
0.004721228442711345
0.006983551613332343
0.0016097845250842872
0.005120211567000327
0.007424845404332122
0.0
0.015183781740980853
0.004051017106601182
0.0021293732987556794
0.0036544589276862054
0.011030998797868848
0.0038611780402863943
0.010422974694111535
0.015571007594185712
0.015500918532494076
0.004426685862904737
0.0016106378887055755
0.003727217399966276
0.008921326467390706
0.02435719339643913
0.0009023422774787532
0.0004939505176524131
0.012486565401040936
0.027656404749005385
0.0005755022501684644
0.004112462005273736
0.0028760773494930884
0.0061356753744556975
0.021688179557595427
0.012758345814134939
0.0038795387159249505
0.0060555545814078345
0.0
0.013066086275352577
0.008839794633885267
0.010833097588545814
0.0010740346113549413
0.03372855751570082
0.0018110309542379503
0.0
0.0036156151441451272
0.0006656399120518653
0.008583025098511532
0.002705512635615239
0.005052748801002666
0.0007691541577390618
0.0010816336835744612
0.0001037343073885228
0.0
0.041661106849885714
0.0074950250911402045
0.008124375993154156
0.0033023789991233213
0.010099110100200974
0.00041133931311198424
0.017490637039294703
0.003698761877105041
0.02763951340260284
0.026932857657349894
0.0
0.002379243971411505
0.009495996088551338
0.010692603664761135
0.005201552286183094
0.006070345795533444
0.00985062553939397
0.01023818753702059
0.00010865647118463231
0.008176340216028732
0.027130887874055137
0.006928450520672444
0.006766360871921564
0.012026909839216216
0.01210281151365011
0.014069185523810996
0.0109948085995606
0.010301228142784103
0.00209502720146713
0.006888413222182069
0.00033650951551569553
0.006742925935708957
0.003162869746675142
0.00698872808908827
0.013002489949298876
0.0018573800970367953
0.00431080211706461
0.0004842832335982929
0.0046433709320292576
0.004552100914624074
0.008698784450049842
0.008789843153040289
0.0028250730993807462
0.0021542772148567305
0.005963991284180918
0.0022805707218518266
0.005482348092950903
0.010279333867434466
0.0010242151877905333
0.0012332881788415908
0.06953773259518857
0.0
0.003022942238039477
0.002571246090548228
0.0023068358416452844
0.02427967732363771
0.009192731352207162
0.0
0.004998216824101969
0.024925056733966798
0.0
0.003984619204592178
0.0009693458206174074
0.000747454486476955
0.00023647836574012184
0.009024622464542087
0.002040370214468294
0.0016993162573698728
0.007862905940757147
0.00861707712516271
0.006433224249799896
0.003433477826537824
0.004853523393253499
0.006552723883347408
0.009648310181499946
0.009283978671416785
0.0022285228758900516
0.0008635636238472852
0.012080647171157748
0.0
0.019530430982749102
0.007147006101838547
0.0013953128563167414
0.0013241191336808623
0.02726143388140273
0.016846593075392158
0.002233275624050114
0.02657065944882816
0.006772334557134086
0.005526496653138067
0.010260971970020448
0.009756288166816588
0.007016511880627919
0.0
0.0021246341766595588
0.0
0.0047793247613097485
0.009867837264021634
0.0119273179611459
0.0029599678083320493
0.038952714840362
0.01043259624110715
0.004070880238415256
0.002097834018765982
0.0
0.007049933834452676
0.020089246779826087
0.00029945290670917277
0.04172280704851205
0.025162930321816684
0.013739363140333548
0.0016577436857089342
0.01091485399081865
0.0099959556397904
0.005973549497993883
0.020907168563324748
0.0029590895235776273
0.026724927271945895
0.00583414898639965
0.018580136588536293
0.007547571549618862
0.016605435189306936
0.004157256771046858
0.004271383024739075
0.0013726506777162395
0.004237464504050006
0.008154874830743003
0.004448232082072368
0.006644031315755633
0.004375037609266902
0.018467822212332355
0.020216319079350235
0.009229640956204467
0.004133477109919793
0.013941402350283157
0.00027863754411314547
0.013103345174100904
0.001984755942525989
0.01751406191685943
0.008100873162876974
0.020963249839839323
0.0004754588546634009
0.004529578015024111
0.0028891534684923567
0.01735907967160398
0.002562530409255792
0.008381084338586954
0.017165496150550828
0.002955638197241949
0.004635797280408211
0.01497933748990052
0.002990799484370034
0.0017187334092528053
0.015434526394630926
0.017068136131235836
0.0017835186564814612
0.00046200754195444834
0.007153670431451164
0.0007991652741286938
0.006350353918126174
0.013888264950600773
0.009971302046174196
0.0018217584716020145
0.00964889366312887
0.004930375327103111
0.0018939855018015755
0.011729711518112813
0.005623048395002153
0.009632552983522686
0.012759316808522707
0.009042293226490632
0.017091403259688092
0.0006136252236868269
0.0012658056186969334
0.0052554319853652266
0.003805797267487787
0.016444106227673193
0.003105516281523075
0.0009212427612414567
0.010209317107544804
0.023228883366085303
0.007231849070201239
0.005698229603773447
0.002607697198217953
0.005264778420983494
0.009138828411817125
0.0004754588546634009
0.0031655037710535566
0.0012177762310927093
0.0056590526248903915
0.00010024228308769278
0.007246009856564484
0.0005092976073784794
0.0055659162047439325
0.00321178884694945
0.008083368872054048
0.028789907091276625
0.006888071744921291
0.0015782745820177406
0.003930332933260512
0.0031039142272775437
0.002139503631367679
0.0011715645770720665
0.0014999854561390446
0.008309370871014776
0.004208573143246111
0.003918716367379095
0.0031485305377487996
0.017139741420055844
0.005962121120791829
0.0
0.009532459569264292
0.029733284916751018
0.015722878489114883
0.012944258339222829
0.03097511023220903
0.007794097984076841
0.0011712070038413561
0.010096419885546257
0.0013748118479804253
0.0013348379614010952
0.011172896803456008
0.0040744584167497445
0.0001680545085634946
0.00805629848909223
0.0
0.008101823148583261
0.004272563493485566
0.0023764897680040482
0.001990854596421023
0.041708792196969706
0.014313319997243754
0.02549026421567932
0.003949932653086289
0.0068563121491995735
0.017819427711517757
0.010205862679414642
0.0005226645416792433
0.004275820414770279
0.001064272597209187
0.003336976182714715
0.01016671544664057
0.009693596005173999
0.011648955360793072
0.021637455930997723
0.003210338280008021
0.002481825410627543
0.00047507622196475767
0.0016492726822850984
0.002096157335370568
0.0
0.011274523425496494
0.004167178049815382
0.00898297475289277
0.008784652034969507
0.00623358680400519
0.0037199238759446592
0.006376399367515273
0.003027417136013478
0.008742970043783181
0.00269830939680752
0.010868583566836166
0.0007991652741286938
0.004469107630477793
0.012571524343522754
0.002601599677022654
0.008063253093430001
0.0021131678307822117
0.0
0.0014328943733216799
0.004812139366427436
0.010513189760843483
0.009173685847704666
0.0023774122947942252
0.011329163973700856
0.02001934283264173
0.0028357216245543768
0.011324292991504522
0.0
0.007649070681513565
0.0
0.001706764446592304
0.0005464000886153004
2.163852463505374e-05
0.008092091982434572
0.019161025262774738
0.0005088600477275091
0.0
0.011470433198292959
0.007845435473494193
0.00033384985542089394
0.007317828376488762
0.001478965583410021
0.009502144532637976
0.002847010073978221
0.0024800825226558563
0.017341576596524088
0.00288687777982526
0.002609448820200269
0.0038370084336829383
0.004981492820788749
0.0007275273625144461
0.0
0.0
0.0054623507693762315
0.005232926873087599
0.002429871464444611
0.0006281295777986157
0.0038478246967369348
0.016846642163743042
0.010801619593603195
0.010253652084981626
0.003540648078072129
0.0009384667607720969
0.015582392182181508
0.0031815103495577545
0.0019235891256679765
0.020512217822326623
0.004576904160374638
0.0031855741479749912
0.002120150498657417
0.0025286803264022986
0.011255526083692664
0.00590845087086081
0.0066834026583952235
0.007506703596171105
0.00213583474673625
0.0
0.0017239290123316343
0.0013390093108117548
0.000635742028824435
0.012353866404870186
0.000635742028824435
0.0037153865530497624
0.005406984753596573
0.004032036006616921
0.014085516768881272
0.004360873962887647
0.0014473365472252118
0.00683874987214645
0.006348836604401367
0.009270577066919026
0.0005878016632181699
0.028129300219379035
0.0014119706577783496
0.018201868869623238
0.002741601684394934
0.007436463044389396
0.015224422599254984
0.006538621267242789
0.004485486267135531
0.008114655227534255
0.013976221974426429
0.0032407428964150303
0.006291004130749185
0.006602296335845898
0.006808991119441139
0.003533265803835835
0.006636097401896967
0.008181604064365064
0.0031803368665357977
0.0047841825481709285
0.0019332144202802762
0.0
0.0008176837436790153
0.00634236035476372
0.00413322465018748
0.009725769272673941
0.005635074719416203
0.004736468878778641
0.005648791903616607
0.0006907882425647123
0.00041133931311198424
0.038714543540699545
0.002066525606632726
0.023359591478445907
0.0037295488394408862
0.02069143945377178
0.013716811837759647
0.010531812616871713
0.011038500352434515
0.006995835088946846
0.005128521214957049
0.001376575221027273
0.002193753893098348
0.007328893416262065
0.0003439386092673711
0.003041320758603106
0.0015157783744562657
0.0018494122731299435
0.006835668516141694
0.002509095433290646
0.007117564542688394
0.007154457418969214
0.007231406119059807
0.0062567488372018394
0.009413648428494497
0.0029387149094177237
0.003732648000319642
0.010655016392182365
0.0063550250526239705
0.0038502544899226723
0.00031557091066387026
0.012918827146352188
0.005166576124050526
0.010068343286213605
0.0018617414494230804
0.005203870085163164
0.015749459015811453
0.0
0.00899405864858782
0.003744790164973731
0.002952169743061773
0.0
0.0071123142017203555
0.0052156914907829964
0.013099882857906505
0.0019757821342128133
0.0
0.0
0.0019547823750969183
0.0023295210816510056
0.0
0.0007578365150936247
0.0010038036461521515
0.0061683057979239515
0.0017610362329499598
0.001234427025407145
0.0025718999258601298
0.005263959742995471
0.002081155753643827
0.004872749975300069
0.006380256164140912
0.010340055068911811
0.007050755996980658
0.00543789385038166
0.0019653157975811904
0.001217360271762185
0.020942584792267523
0.006762648680922604
0.0062643211588843395
0.0006937336433110984
0.019530310684541086
0.005283284086239788
0.007189361207562343
0.0015157783744562657
0.0006959488568617576
0.007526518476160527
0.0009128734592141979
0.0005858894854081468
0.007338857277800902
0.0
0.0
0.006173404722944609
0.002051388841201759
0.0059908029615680525
0.0019591469720022423
0.0
0.005039206940168355
0.004248911912241564
0.005941784208690869
0.00031987371969554343
0.009219622654585953
0.021381120419995535
0.0022951790416166663
0.0
0.012585337298185855
0.0039029062709758904
0.0
0.00752815085869056
0.010344008632148663
0.0032811290574442328
0.0021514271667967375
0.0
0.0
0.00341992422158048
0.005215723510857071
0.008297813937959633
0.016781636183715223
0.0039926668892489355
0.014922313053022546
0.012877304797892099
0.0008090272292444883
0.0
0.0005867221118429663
0.0
0.0
0.004571673242256897
0.007027860089348616
0.001215814869395722
0.002481825410627543
0.0035789575178701008
0.0007405664614106006
0.012940866234507197
0.0023876746550942096
0.0
0.0
0.0037772772915643372
0.001914112884621935
0.0027493015157195435
0.0074065017332410376
0.0066010566686076555
0.003446653801990637
0.0018844589013664492
0.001275497103726479
0.002072141488639963
0.001880953201408418
0.015908660791220317
0.003862879908626142
0.00874572036676749
0.0010840259482783096
0.006096372085849052
0.008303091987415282
0.0
0.0002742739701330018
0.0023856073297849564
0.005704757192705347
0.0
0.001234427025407145
0.0007300693546169187
0.002121042167721979
0.0018158463372836752
0.006485370809739564
0.0006598328959095519
0.00916474053746427
0.0025159550069062896
0.0005652467340067889
0.0005280634495949923
0.00044945470463387903
0.0
0.0019641173870791557
0.0031077485833465976
0.011465190051022412
0.004060186530348225
0.0010177814179942
0.004314894838626381
0.01751761808436578
0.0
0.001998164418099494
0.012391400302440373
0.0031081271849321118
0.00888398910295222
0.001744191660889673
0.0012026586566911816
0.009970940591292807
0.00021832625468059576
0.007590036978149788
0.0
0.0024197839604702
0.003867917189222263
0.004970377576366378
0.0028019453574927907
0.0017905495424562767
0.002956159315310637
0.0
0.002061882165832601
0.010036215804374658
0.005898311886718673
0.001758658743484852
0.0015735209788764457
0.006511874820664012
0.003268377984700368
0.0
0.006535136682025362
0.004026540309395997
0.000519196784044662
0.0
0.00274829529448999
0.0009244384799994254
0.007940984906819994
0.006788627693028664
0.0008622351538588925
0.00257848559203709
0.0
0.007458198470793646
0.006808462371848348
0.0034885315697156683
0.0006721908021510351
0.00014575276350214768
0.003846355876156082
0.002784645264647841
0.0002742739701330018
0.0014595146850159312
0.01434035487152881
0.004688392372094857
0.005034269812220452
0.0013516635597050838
0.0
0.0035528931755099986
0.003731928387239492
0.001551684612488474
0.0
0.003671304094789868
0.0026943629925763675
0.0018084871790125356
0.0003431771729218833
0.004071320943326855
0.0
0.003884418594487302
0.0057430956971104945
0.00677689429026093
0.004177302709007424
0.0006614461483971772
0.011296386182121585
0.0031915813677676507
0.0
0.0
0.003482076193594938
0.008911384117397907
0.0013069723490076754
0.001744191660889673
0.010552872179977392
0.0
0.012564927904834893
0.00611749427110148
0.014269010268276025
0.0
0.011799111227691105
0.0005858894854081468
0.014633465280714254
0.0
0.0038484994901627568
0.0
0.0003431771729218833
0.0019357296121964556
0.00041133931311198424
0.0018586699638258384
0.010280433501971742
0.0
0.0013243806989868012
0.00890901542450924
0.001217360271762185
0.0020957872358848273
0.005485661006760572
0.0
0.00016958612391678474
0.00187068598157358
3.6828929116764476e-05
0.005783924684070798
0.011891199779824545
0.0019369271681887934
0.0003639358051595855
0.0
0.001149429835671966
0.0033423455559867007
0.0044641902085365715
0.0026705774340600253
0.0018464590709066635
0.0029577177708406577
0.004447161404099543
0.005643639723340556
0.004559608114339693
0.006337101484190731
0.005595814562119624
0.0
0.00021804745553377695
0.0
0.0014635300923318047
0.004514138873073473
0.0
0.0031265374138169572
0.0023001470327960287
0.004657104194715606
0.011418015592362007
0.0027159051283759364
0.0015580395528969788
0.005306480098806313
0.003535363379753016
0.00038977306761508573
0.011238524854111047
0.0
0.0004952534405815421
0.005725167650817055
0.0
0.003950777041802405
0.0
0.004573961518836137
7.681576039350848e-05
0.00783061246331952
0.0
0.007082494197354771
0.0009260203853115485
0.007461017030827941
0.0
0.0025390582048051497
0.0071646945309801
0.002381121439708749
0.002099595141155399
0.0062569776720815115
0.0055951948912737305
0.0
0.008008222507635481
0.0021868569594560064
0.007208875399546045
0.003444950765267059
0.0012522804783308347
0.002775860076666449
0.0023360744911019846
0.0028749524092482742
0.0
0.0011768873794386792
0.0
0.0048254407277994816
0.0005926143104455524
0.003805797267487787
0.0
0.0007051558645247617
0.004223300670147271
0.0007225362850596568
0.0018758489176825951
0.0
0.005692785321736351
0.0
0.007944409888777858
0.002901051281734453
0.0031494574814088135
0.004464100822527351
0.0059936093090912565
0.0032436154614276613
0.006415970012294433
0.007035483903628149
0.007174579412136553
0.014996445577416515
0.0010329732786030345
0.007177192809422807
0.010409480707476498
0.0015157783744562657
0.00042657291958560575
0.004913050842891105
0.003032488855059539
0.0006775141267241554
0.001238225897150825
0.00457717327448236
0.008594697903034016
0.002988756293760067
0.002225698909942864
0.0014250454387460902
0.0
0.0004996946660228503
0.005128665835316284
0.0064630470608810445
0.0018467325843276171
0.0013947560605485066
0.0030331117537050526
0.0
0.001376421991130907
0.0013069723490076754
0.012102337509269792
0.007530073960016165
0.004413181581158056
0.0002687887874764546
0.0
0.0
0.0005337341180223317
0.0018605002775170393
0.012178463970865288
0.002607697198217953
0.0030822899879126083
0.006872169627792131
0.00970950253354351
0.010798068228707217
0.007673571341063018
0.002803015758185956
0.0008570680778562038
0.0
0.0
0.005399596064240691
0.0
0.00039375437277126916
0.0
0.003890760538742892
0.0006723127150017525
0.00036024974774447456
0.004435599015653401
0.0
0.0006723127150017525
0.0008090272292444883
0.004783120386905114
0.002172202173734582
0.0
0.002607697198217953
0.0
0.0
0.0012512948560999904
0.0
0.0
0.0009034063359091106
0.0005159540927907161
0.002274146791549748
0.0
0.0008492957128649522
0.0016544296439602367
0.0017555564100441502
0.0
0.00046703008299441105
0.0
0.0
0.0
0.0
0.0007873289612326072
0.009144611694992715
0.0006257163338510625
0.0
0.0
0.0014565590426735653
0.0017793254539931697
0.0
0.0
0.008458598921151748
0.005635101517724339
0.0
0.0022880957374100193
0.0
0.0033188698378652116
0.0
0.0
0.0
0.0024986281904117637
0.0
0.0027604608476266335
0.008367898592291256
0.0
0.000904620470925324
0.0022706892069905456
0.0
0.001178086710025571
0.0012741183638504533
0.0
0.0038649285769862636
0.0
0.0
0.0045135339540019435
0.0
0.0012741183638504533
0.0005652467340067889
0.0
0.002426375796736581
0.0
0.0
0.0
0.004162128435070272
0.0
0.0
0.0
0.0
0.00046703008299441105
0.005399789351033784
0.000282641280088554
0.0005088600477275091
0.0
0.0
0.0014565590426735653
0.000508273179210114
0.0003473136200512699
0.0
0.0
0.0009648283913630939
0.0024847342858566467
0.0
0.0024345245416298442
0.00021489839701212837
0.0
0.0011712070038413561
0.0
0.0
0.006005046499810625
0.0020000957832368603
0.0
0.0014852407737116166
0.0022377806958132924
0.0
0.007899427186015254
0.0
0.0
0.0004282846108064829
0.00040529803156952744
0.0
0.0010840259482783096
0.0036728097422755327
0.00024379222066931206
0.0014671211821979484
0.0
0.0017267851931788633
0.0041727921426017315
0.003477010142789072
0.0002939915955050697
0.00370956453485171
0.0
0.0
0.00019302922179853426
0.0
0.004641577727477924
0.0
0.003805797267487787
0.004012485351898237
0.0017932568572239349
0.0
0.0024518128366414474
0.0
0.00033708944935535593
0.0
0.0
0.001914112884621935
0.0006614461483971772
0.0
0.0
0.00044237582157509344
0.0
0.0
0.0010840259482783096
0.0
0.002087616178294322
0.0005287585710403336
0.0007642634296813236
0.0
0.0
0.001613359745454062
0.0
0.0019460086735183526
0.000357465601372481
0.0
0.0
0.0
0.00025540338195381436
0.0
0.0
0.0020595633844819735
0.0035416821716853448
0.0014852407737116166
0.003805797267487787
0.0
0.0
0.0
0.0
0.0
0.0
0.0
0.0
0.001217360271762185
0.0
0.0
0.0
0.003805797267487787
0.00044237582157509344
0.0006614461483971772
0.0020447514740147585
0.0
0.0020447514740147585
0.0
0.005862238665461515
0.0020564413979737278
0.0
0.0
0.0017465778426066204
0.0015686699242179638
0.0
0.0
0.00039505010248325266
0.0
0.0020447514740147585
0.0010916383482920333
0.00540310485457047
0.00329675492206897
0.0
0.003805797267487787
0.00539769877399274
0.0
0.0013424302021540929
0.0014565590426735653
0.0
0.0006769213470349387
0.0
0.0017253478301500198
0.0
0.0
0.004773159071172191
0.0
0.0014024871438766903
0.0
0.0
0.0
0.0
0.0
0.0
0.0
0.0
0.0
0.0
0.0
0.0
0.0
0.0
0.0
0.001914112884621935
0.0
0.0
0.0014565590426735653
0.0
0.0
0.0
0.0
0.001914112884621935
0.0
0.0
0.0
0.0
0.0
0.00044399768129542476
0.0
0.0
0.0
0.0
0.0
0.0
0.0
0.0
0.0
0.0
