0.002326994586953705
0.026416984444102967
0.008511170528607677
0.022308472519788583
0.019553464645209052
0.008120345610157237
0.010820557064818303
0.01704501819717497
0.004811936510274377
0.007041141694174559
0.009999282095731034
0.015263849688863221
0.011736178471734611
0.007785018947441989
0.005560135805826717
0.002380998841629071
0.018226843479374567
0.0009604887804329532
0.015727538220341116
0.008002542452821013
0.005535108028761202
0.02255972664689017
0.01879559665605113
0.012759607192135885
0.0024235889787859546
0.006781332585222821
0.006441816609413794
0.01413736652196523
0.035919227996640546
0.04237132673451398
0.014519689253150782
0.023376280504114517
0.0011119820841259214
0.019424433257586592
0.007381637796835147
0.0023953943576499274
0.0007124990588113786
0.02389442410586463
0.04201201228189403
0.013853983110395407
0.023399667098137154
0.005454402186249244
0.003107308371088627
0.00567219574070076
0.008678052835222662
0.018576792640435418
0.005344478886035226
0.009642761486320102
0.007439191388544751
0.006454641874405218
0.01594191319664814
0.03928395164042552
0.017346813544729896
0.006751193362103437
0.01077169038240218
0.06708867388796441
0.00903255204042587
0.006818675830862125
0.010049724525320216
0.020411414118422518
0.026772730242445343
0.0031688987760387817
0.002818967119515926
0.003375141973782961
0.022193769041554904
0.00820708268881995
0.02483568419757345
0.008645867270036928
0.03174667378575846
0.024529893099185088
0.03221533918390657
0.008345873680472472
0.014708874646754081
8.876511255225921e-05
0.010932419928152628
0.017395558367047346
0.013242723327606244
0.013726326684745415
0.0033674240390688184
0.005683943094933412
0.004939984695374908
0.00686814728107339
0.0187798828395617
0.001802128268326412
0.011670468791213619
0.020012795767041475
0.0273818254582172
0.001371645873947585
0.01835340429141704
0.004365646942722695
0.016108100183426868
0.01618635480067995
0.015443664500037771
0.032403142027572746
0.029101620499735276
0.014234189119641225
0.012185546811641993
0.005860694836545311
0.02294497796795484
0.04126822544671254
0.009611773593941136
0.00820038437063078
0.03521136961133525
0.00238774415548562
0.0058017408367298014
0.005317954721361542
0.004113838840184815
0.023332580255918244
0.007182766467164888
0.018762558044213066
0.004463043404619841
0.007145980148149172
0.0011231918421258165
0.016916627299592334
0.02178667677536211
0.019117691508533232
0.011167984166775292
0.0020353688043051937
0.012437612308951195
0.011189259318139206
0.02415449024999524
0.037672062999509794
0.02992312816268916
0.001480791559497023
0.004657989391345249
0.03178421479115377
0.026960008912608233
0.0035280635414503487
0.0043649842646742085
0.008603157373989586
0.01656245779546023
0.010709434609779115
0.015437602231001924
0.00471288344622327
0.020617613862319393
0.00823852972871064
0.027430055164247305
0.017905035974381603
0.014714843990532392
0.011368326519875287
0.0021241272734563656
0.014407880472634737
0.01949270480172307
0.0025624556654133828
0.005782203045293225
0.03509761766512264
0.009410548291327233
0.01812769274375739
0.009746896809092876
0.002309267543875539
0.004174858578751458
0.009915383123076835
0.03389215389924533
0.006602693889628209
0.010704138805028613
0.0028523432783153437
0.04253946515516713
0.007492676582187137
0.005429573368718982
0.005823730789247764
0.0029461432249472982
0.0067332826961522445
0.0032442233663103038
0.024596364093099753
0.006079728047253278
0.004730547440425158
0.0015990557239079315
0.003926269245717578
0.0022121575673703865
0.009667852777137597
0.019626372969987302
0.0024581850501519415
0.003109612907668295
0.009432772480784704
0.034266795316549775
0.005534455946193423
0.02130732036328047
0.02029284548152509
0.002856646758220425
0.015655201185672273
0.01437336978946719
0.025417581016847917
0.03225921380924663
0.0020566531822076126
0.000896383468657238
0.029542392645276312
0.021747620530196365
0.00264022280101753
0.018574309703591037
0.011601472746939973
0.00878825917316351
0.0008974727894710558
0.02241307567763953
0.04098185215600144
0.0075603900896599316
0.01665627342960133
0.00822110058166387
0.002328306911005645
0.043292732215631693
0.045421378576375154
0.028563212609967963
0.004346743447369211
0.008708010487177835
0.0013863459712015543
0.0054811399130165256
0.0023032186900819617
0.004437364405731215
0.008247716692103658
0.026288242694701574
0.007659713519756391
0.00902184144332866
0.005762665019336918
0.0024223785535651336
0.0020821901321045827
0.014097647925170204
0.008284711715777198
0.0029332383261434195
0.008348612729373657
0.006845832395029442
0.02302936588703386
0.024653964323355097
0.0011262731999653467
0.0018116033995173046
0.0043060176507870125
0.04660062784078663
0.0037151957239694856
0.025281786466055025
0.008602361256397417
0.003670484052300507
0.00656736953046539
0.0071610747790947695
0.00546489388760605
0.039666929994273535
0.024647476005095235
0.015059849851591312
0.022632310147953076
0.0044777185785988835
0.010196333224487191
0.00920929346245336
0.0046525132021633265
0.011558024126091734
0.03817799880663612
0.0011651452303446253
0.013289632354562023
0.004028638261997459
0.003911208329245405
0.0033403531645489646
0.0015572859344251007
0.018406801216344883
0.008312720256891183
0.04691489114252164
0.0211359749332128
0.009243488209886077
0.003055022624055503
0.008464496043719405
0.0034575927403687075
0.00040123511828627786
0.02429167012277517
0.029758219802661252
0.0032809548815828458
0.01281056186549532
0.009162236645017481
0.001080731224902158
0.0035407817355324733
0.005728555511417062
0.025149079824555158
0.012969072019300414
0.003954319920348174
0.02009894872792669
0.003735694830464104
0.008966719120468397
0.0025753841762480314
0.001080731224902158
0.0035605738968129286
0.01807815227721609
0.003591718606726328
0.0019307842214972679
0.013096641549602819
0.002094576970814852
0.004916134953265123
0.004575709647888223
0.011827024965388464
0.005400790594461355
0.004460062582252648
0.009881861315357988
0.018125006294924754
0.030687511530299576
0.012722927795436607
0.0015915737986448352
0.008606668496964816
0.0019796060301849236
0.0037125910354097423
0.020813827222779614
0.0314217279555069
0.007609135201311677
0.0223659189038997
0.007260378583195664
0.0026729485022174977
0.03594571085830069
0.011935609471834894
0.004672393130278993
0.0026151855542336506
0.0009638945582234425
0.001643974956945409
0.0067465247115531665
0.007691734933447002
0.012107166117677603
0.0023780959244557196
0.013489274487175058
0.0011688305623819817
0.002213153874897884
0.041285044570600435
0.0018219739488099151
0.008897445939879345
0.0018737948046980224
0.023634561952220207
0.02274148061356775
0.02574647268991213
0.018358002509626554
0.009773682547616933
0.03511502019675895
0.013868785849346423
0.005954540662875856
0.021863864986738556
4.693761485599801e-59
0.035445214550179356
0.004108168198805138
0.0491060319502232
0.004816029476379908
0.010997993223199963
0.017911949917925638
0.030850646587011973
0.0025850016936030313
0.006248730702564502
0.013722859894649723
0.0020647492006338683
0.014145743160165694
0.0016726663710392436
0.0043103512046967045
0.005419383103730682
0.007794585660419725
0.034547759526355123
0.007482898068057276
0.00464329653059206
0.03425487978831267
0.006644659740639045
0.015387556679370227
0.00898029759771911
0.007862399134139808
0.025489921609374404
0.01482273547882715
0.02891898295384296
0.007868430176206838
0.03642898979356444
0.02259332242242102
0.002096336551731627
0.0006928891151385914
0.01670197899712631
0.0016571885485816033
0.0014241477128080484
0.0036307736040802735
0.02908539637079821
0.020191173887280305
0.004303194388243957
0.004340452094757454
0.001337553750638127
0.0031766912121008613
0.010431890097912696
0.005391802559734873
0.012452705007644779
0.002840797332807253
0.007669246027350157
0.0076714942138886135
0.015030785059471715
0.022277500304911702
0.007863756039991286
0.007465473249917541
0.0014011814340063496
0.0023500310715766077
0.05330462735708932
0.0013708749616522273
0.00833544375881809
0.005215308782328025
0.005856358646598257
0.0162383827344084
0.011974233644903071
0.013685022636615148
0.0045664539488378475
0.019067687964500868
0.01615672760695813
0.00885772634048452
0.008110016794949673
0.0010529153659454094
0.007663335551954432
0.0021029415989516098
0.014291287582103681
0.024749433141732648
0.013909198017039073
0.01549631978219244
0.004783864454954661
0.0016623569107661912
0.0026620281304391403
0.010199318028916576
0.008619417423126404
0.01539890373674208
0.0002678855582025983
0.0011549726281230516
0.006751255635977908
0.03040155592034055
0.020718396368025638
0.02817036588169377
0.012739666090607556
0.012952076873245856
0.01965526554549058
0.0022973513581533963
0.004642491183215679
0.016056908129628917
0.02578154592774947
0.004133309949678478
0.00522142406541474
0.002446456193000423
0.014088143122907508
0.01433225563662569
0.005566087197160647
0.00460330927927569
0.00971209356415725
0.01401424890807287
0.021346598360580303
0.035581819077386376
0.0007648287313913824
0.01844151015298589
0.030313344709799944
0.04979266230801347
0.011441713081658112
0.014529901536142706
0.002206806172311345
0.002580432020324295
0.03311346586780679
0.0020210766179078596
0.023478440661090276
0.0011814463628975428
0.01628847276662726
0.04694644966767024
0.03019477528157462
0.008414764790032931
0.004398843391998856
0.004835726696398661
0.00792554263698113
0.0006245187657650057
0.011672933088627416
0.004205448061279923
0.012592531180588971
0.0465784350436828
0.0006956818047917493
0.004931307069181024
0.03744320113678957
0.010437722131238548
0.007182399818404766
0.00239931408343772
0.007854778827940976
0.019599524565031955
0.016182671664332238
0.0028670086952223943
0.006478477890841687
0.008721538822393075
0.004757282912712241
0.006117369407113395
0.0748339732003062
0.00402652859116363
0.044763058233074325
0.0006911369248150318
0.0016425879044799172
0.014725589677469035
0.02844557289685552
2.5648237391642753e-05
0.015128810236553198
0.012280188814066853
0.015602435772275635
0.004330516556887782
0.0025528581271348962
0.02214505757626042
0.0032621255367214683
0.0015568344629089369
0.020904182193358534
0.001873014355831392
0.02344429155077675
0.012202664844845033
0.01059316657758253
0.004515814157238922
0.006454470949695199
0.0018635248661945157
0.023663610361100373
0.009663718559107921
0.02140839659463141
0.03620040638184612
0.011681471375811351
0.011769763616436911
0.006959259501801259
0.008117868565381568
0.024221220161971473
0.025336332762681515
0.02151006987560349
0.003038579643261693
0.027701774358216674
0.007948873203501175
0.00228215073773687
0.0028595417501518835
0.010851132138618306
0.01391731034116564
0.011758140520640272
0.018866421493296377
0.0059001224475398245
0.0014125753282143367
0.0026239390039994783
0.05534843674139674
0.016693551999111152
0.003329923818643282
0.010079191319305434
0.015995346761367196
0.01525995262146724
0.002634745767835856
0.03810742985162694
0.003025326418468714
0.021035386613301676
0.002757506124410254
0.029069999268362835
0.0032995601808992517
0.002196898125552425
0.017892930760388292
0.016790071256719958
0.012560862488498416
0.006160550128381224
0.029038742295359566
0.0031227136771819416
0.011000438202861678
0.0035640018335486
0.015311098230381485
0.01188859372308049
0.0033580323738408623
0.005500446804388526
0.014275415081685219
0.0042878018785949944
0.005920861938445386
0.017773824884591716
0.019328549547675936
0.01108082741248859
0.033911921418250994
0.0029787707822184943
0.007788438373824185
0.001401390275743299
0.01615061100049709
0.004634261926779375
0.0014172933282936165
0.011141295076863289
0.01987435706324475
0.04337018606490338
0.004404764740484577
0.012301512747703754
0.0006495535959982794
0.0043947534014399745
0.006996222894507028
0.01237197609549478
0.013088669450344752
0.06033365097676321
0.004234796081951521
0.041321113033905316
0.0007972969863311592
0.0008549723428067581
0.005599030348002656
0.0017508508180522732
0.007144048422220876
0.0037518847900967598
0.019675633231789273
0.029715757141401126
0.06295039971288942
0.011653624825784917
0.00785379167818023
0.0010349993103303753
0.006637009061770567
0.008131472250510524
0.006754569491957259
0.030134405572014352
0.015546659823187639
0.007470010947921172
0.014100990458614116
0.00607471924255089
0.009810932042660023
0.0017161506459308345
0.004977656639586427
0.022492516314932366
0.020712993254623918
0.0324544411780941
0.005963544078499173
0.019130187030852727
0.004126864111897283
0.002425277018252992
0.005290055835478482
0.0019148327304203032
0.010762638196164225
0.016831467439991872
0.0013901715354100819
0.004480723849606166
0.03843757885859586
0.0029362072739743707
0.0043120466008919195
0.0032231335707414667
0.007012814315640155
0.022939071651299978
0.004746697708924001
0.004837166585229856
0.009041247961419602
0.0018881113927506005
0.0029784452749364895
0.0012549948431748558
0.013555144180155645
0.003942899608539252
0.029403012881329203
0.011556626454979606
0.004911437353900177
0.0020511826854686184
0.0016282561892350489
0.015157943669195413
0.006519187449128783
0.00941621084771032
0.01601827538387437
0.012251001709882232
0.01739530814352614
0.012158518575774425
0.006098493255436493
0.006327280884169795
0.005757462409224097
0.012556280586632605
0.011949328286985564
0.0020476683961060203
0.004921121593052529
0.011564458264237146
0.009677809267747485
0.018736148599442053
0.029231907416813335
0.014584921044333827
0.017046984292612408
0.002676809486326632
0.011265681844858768
0.022682228869385385
0.036169002440885785
0.026635710350540596
0.013388756333176833
0.004302689221158377
0.010375560532052793
0.0057408355234022795
0.02955982136740837
0.000800123130039774
0.024038599754125135
0.003478673931083395
0.007830095767713745
0.0022818374042824605
0.01405086807739879
0.015339659407866657
0.00189629071852809
0.009508099521651214
0.011997862555078032
0.0168731234863439
0.03427955185468446
0.00485540185409909
0.010713259391054898
0.0025221731928261257
0.00704405821749934
0.01548549734885734
0.008882310848042032
0.007405567638379723
0.0017509739337974364
0.011206705284260437
0.0016017869089059939
0.015624898536829772
4.693761485599801e-59
0.004305554407944645
0.010340557905445495
0.007008430457653912
0.007075311448907542
0.006241921757943496
0.01605946249197784
0.018237199287539786
0.00826544764454274
0.03848583258680786
0.004548470544860419
0.03087379405449853
0.0037643592323199663
0.022549957728435936
0.011613075322680858
0.0131186964879442
0.034037205543207556
0.002570797203247914
0.000896383468657238
0.002663173641430696
0.04051552452812971
0.026486573160356523
0.044869125443497804
0.004503049649795064
0.06861239024300758
0.011112254489400064
0.01864334201774152
0.014307623699705473
0.0151845208247974
0.015446665689455156
0.005675156662888213
0.015021835103171937
0.03376658834821328
0.006795393563677376
0.0017557455723668494
0.0011497947609427654
0.01475682732031933
0.011750545924583453
0.0029168818296501178
0.007306887743144326
0.018459081144417678
0.004357716248481392
0.005605956594890102
0.003920483538650147
0.016460545530514334
0.03809059939035564
0.03330737108975466
0.011227579824356808
0.014092377673363125
0.02651990858136427
0.01292034463450646
0.032740972410758025
0.007943550153909278
0.01182404232681527
0.0023722308053255323
0.015285037697607695
0.0024205449463316985
0.00868466686801372
0.017858648752788257
0.006593700540513222
0.0048907481302868025
0.005562802714384525
0.0029968620609948254
0.009165154872633547
0.03292673748730086
0.010230742391773504
0.0007912292955321162
0.012363297093780201
0.02104666997602563
0.012642742994019022
0.007815749682957753
0.03181369960998684
0.021065230202975935
0.009029415481019208
0.020561165629243493
0.010755643902965354
0.004543360360199365
0.003103016413118382
0.0024375950660876717
0.024044777816884095
0.013009321447099976
0.00638982192516606
0.01426538845792932
0.015282484130697232
0.009062124465681899
0.005614258491285313
0.016936163815853205
0.006515121414885924
0.0009919515986841828
0.006499710099079541
0.015551923504411265
0.029083551965100665
0.027883786644058425
0.000801819215782466
0.0069515030116312285
0.008800865765873436
0.0022102058996107186
0.0022276439891708334
0.0016613631102729324
0.0034450591476438905
0.001159229002250273
0.016335811540518483
0.0262661022172071
0.011477801820527421
0.001563572531455365
0.005036603438565979
0.020435663839673143
0.0027343674754959782
0.007244195756056294
0.0033777771815936227
0.04756403290299926
0.005963366053168405
0.013942735734823658
0.012715112090941703
0.04643357335988938
0.01257972065159589
0.029617992182751015
0.005072326091736311
0.02484991713130758
0.001931458953776057
0.03288393707114396
0.005727248514675738
0.006261982750309727
0.00601611611121038
0.03820679221067129
0.008630658140271297
0.03675965750435387
0.006883642845005708
0.029400539983746726
0.00323052012925392
0.010172134682968195
4.54960668923268e-05
0.0015661173962707871
0.033930999072519084
0.022931334682812544
0.0025653992308558443
0.05369035592401845
0.013725771024263034
0.0030836290272583033
0.005278616892676881
0.05781421433127846
0.017787934804177143
0.02866159344021655
0.0017386962827664542
0.006801501462899434
0.003538598636437879
0.013507661339925611
0.01978674851400439
0.02048897481872768
0.020897298751129674
0.005314045109882299
0.03135922744081011
0.007998283977532899
0.05207644626511794
0.0021497354670373895
0.007285657393623713
0.008844832306034469
0.02003601230591611
0.014778372415484445
0.0052620659270273895
0.0037773783977232953
0.0012040440637457548
0.0020972589001722747
0.01594520507489601
0.0029431518628109106
0.004129137979449547
0.008996292542703887
0.001725551455486449
0.03345620709607366
0.004344631088726402
0.002558454180990869
0.0033819548582713767
0.016510392479221554
0.014028845543588065
0.022227811473788866
0.01931496941908727
0.004478706655965387
0.00028746370707128
0.008996501405445674
0.01184492420223166
0.015213640425831695
0.0038792366963294853
0.005524334804424218
0.0024251398375052156
0.0005590768965733813
0.011526481979289769
0.012940929912082918
0.010966420508460282
0.0327090940848118
0.0151009578531597
0.013713176265298655
0.0056400796596571545
0.015665499179238707
0.004874288335871789
0.001503787511417816
0.0037750672549895494
0.003484800205129859
0.01333936923462283
0.004043940830075792
0.009961687858005679
0.012545111979649732
0.027129389946939364
0.01933915488380117
0.014516829906292623
0.01695384392012526
0.006262639444943599
0.014766215920521079
0.023086537181248652
0.0015219387765188106
0.012996785390598415
0.005277633037658548
0.01066477337692188
0.018145820421778282
0.005975398948922692
0.022766691375794817
0.014031798171664882
0.0005172719046412882
0.0036041864579211217
0.012750234519053848
0.021209963961432654
0.005046106883474954
0.0011119820841259214
0.0176431098425875
0.04933267316803461
0.009339246762195766
0.004761155258492953
0.006392887184481839
0.00290959508316958
0.029810358588686418
0.027253797896979598
0.009615443210852491
0.007805304054293144
0.005714350852370854
0.02192741828241396
0.0047524973286167645
0.008562212776526091
0.00682979886851916
0.0021307138260075035
0.021319966510071998
0.0058389984867863055
0.0027420622608482397
0.018470547422070747
0.029491558567359015
0.001986306463461796
0.0028154840208464015
0.015247718021968304
0.013259371414405873
0.006108520027656984
0.008338506915746297
0.01036701450762268
0.0014740596269855603
0.005849136610983535
0.01520046519853804
0.002818549509088292
0.0007359990196832514
0.005258364185536399
0.006435033057566244
0.012294517699098336
0.016757157562373767
0.008327464799077056
0.0020197964911060733
0.05044812939763654
0.05624993965644119
0.005193836546032293
0.032384490618813155
0.022613350007477977
0.025343255754181133
0.004613790873777487
0.05550343081213289
0.04772892615968268
0.008167445262284323
0.02838995091093818
0.027946195918602423
0.01429794677732765
0.027900758472301567
0.0037711998086475693
0.003234015400283821
0.008017317620810833
0.029742126423894774
0.024350868335683683
0.0033288398804795162
0.005777933055786285
0.0054118633435202325
0.0034975255301127346
0.0050572802399203535
0.007734361168224485
0.011512145058462438
0.02294562826346415
0.01687660507149561
0.001780605413925127
0.016549070216528447
0.0014189008764472096
0.003628437981924141
0.010908753680790575
0.0029308062249614156
0.013558480842310275
0.016179335273830833
0.015137185381488666
0.007951132671817724
0.019646144388051474
0.003494126754628221
0.01662232129797223
0.025161776117930405
0.023043482653064218
0.041773072794687574
0.028292652049869586
0.02020080204268509
0.012152445708462073
0.005403379695955425
0.03056040927268194
0.0024090335293845138
0.006171393972081705
0.003840716815711792
0.01428734551087181
0.017098712552219564
0.01833269566050403
0.007234123965559813
0.023932599029458313
0.009169552240156585
0.009493679246005722
0.017047199484402215
0.007322922053292441
0.006223406964001633
0.0026957050194317336
0.0077575865146008146
0.01839869835362073
0.016455746777479106
0.003993203796257767
0.003951083356086339
0.005663300844037745
0.01341260019549891
0.0025540301860505943
0.013297368146347207
0.06607995849122228
0.0028145380951335465
0.025123963364789885
0.015106334368723093
0.07025916870135436
0.04658411099629763
0.008635500293980016
0.014813407924061182
0.009018002251994374
0.009997284957979876
0.0017343551080904612
0.02059970832052499
0.010827344723256848
0.022897026727689087
0.008511874423747049
0.024192037756981043
0.0017392356476729925
0.004509519139654968
0.0064431672797586855
0.019105836688228097
0.011297460023782966
0.002157451159512442
0.009979482506967933
0.0071440214214005945
0.01329967712318152
0.0033513068137186446
0.008362007480853648
0.0031770036793160343
0.0029305793253762095
0.007084447827891972
0.0035024490242610722
0.00469682616128351
0.01924488887683386
0.004128048910363988
0.009987402893583495
0.0268995511324886
0.020158611281234085
0.01596619604736242
0.011032375231776073
0.021779020181688206
0.005228809058195662
0.00028712108379206036
0.0032910708416762128
0.0051260438924332075
0.015391912204557599
0.007802543308871858
0.005731953368758773
0.0058770788800340075
0.005069356191233867
0.001998417708727242
0.004248137619066681
0.013879103992495721
0.006201711251852318
0.0398287371531587
0.010787325529008723
0.004549654045573252
0.003074358210578601
0.02160307061814754
0.010206980939933403
0.023604341288564392
0.012767479042943982
0.003124354975959102
0.0151872176404134
0.028100623704882838
0.02459122425062504
0.024910404631738953
0.012320088295946205
0.02227349316733239
0.005816640510688365
0.005182360986468771
0.012606220194952323
0.005148076925561928
0.0159728887128078
0.006250314272920261
0.002170695642962321
0.015302461216025997
0.005043894099559874
0.006481036181754555
0.009606178429710855
0.0027695928965693877
0.003386607821216465
0.034873353647022126
0.023658509708903694
0.0170550491494536
0.02337406547765703
0.0019359518536681824
0.00015954665219272836
0.0023867097884495356
0.002293646454997881
0.000801819215782466
0.06390685565819929
0.0022596073779232893
0.024752930035109925
0.014114582428317465
0.010449903514458401
0.01379486823332995
0.012709904211168166
0.0014462327421068415
0.003400613116234272
0.013809329108038143
0.021792205894794206
0.006502341044034266
0.015178423095646215
0.0028739470626769023
0.0020199250257149836
0.02033424881917374
0.010990509582812159
0.0049893200358190415
0.00022353935585508466
0.019008271773413587
0.006386739670814268
0.03384930767921436
0.0023651285375875177
0.04671657152603544
0.005518347170318649
0.008168474577621055
0.0020487071215049913
0.05187205420412223
0.033503586453982104
0.003129283210178273
0.015018978833855303
0.004612363255066803
0.003850571652292913
0.00829672675913147
0.0012706123753541275
0.007352294730139571
0.005290190376998052
0.010295417407228427
0.007555281975709131
0.006311842805872876
0.012991365596550777
0.024433044320791138
0.005591871699941819
0.00781627054243996
0.0038072086395284266
0.009795579114354604
0.013443894856013145
0.006708906693845994
0.011522362831077639
0.0024680346831425413
0.008755656223049831
0.0032329334662854104
0.018600059176976064
0.008397490208022319
0.00903927008308134
0.0072648851912631525
0.014340074956064926
0.0012604128404128416
0.009948675544822325
0.008499689364496832
0.006704632435463614
0.00015538743195081967
0.003193587709039185
0.010728857610040107
0.03487891087912846
0.0015984544323152806
0.02404628459111157
0.023018874728092754
0.018535337147739014
0.03769528958668991
0.002495658117518442
0.0070097515898547786
0.017266853051538845
0.021325615636235196
0.015559379109282562
0.0035150045136604262
0.03532422609617517
0.03226716204975179
0.006070642925260763
0.0024319614460036835
0.021775646521113485
0.021570746478029083
0.013849734691315055
0.01021908263246417
0.0046769551536486815
0.008156388325991176
0.0173184193091762
0.002908839997068304
0.04305990844978154
0.002898404813874211
0.01284499463097006
0.004303397656092235
0.002659958187781342
0.006041733354205593
0.032661781341577094
0.01175085953690276
0.027910536618452827
0.021615255906156074
0.033067080184313646
0.032344660309670516
0.06845156630818633
0.02992029346136508
0.0660116790897959
0.0014336000984178298
0.015001190509627664
0.004337248242875177
0.006136837452262465
0.004079602028054642
0.002840797332807253
0.015377029684107668
0.002122536356174309
0.02074832913887504
0.0033227799884196748
0.008959867627540492
0.030006434385030735
0.0063460397320772195
0.01568079839010067
0.021130443316904442
0.017595194378702578
0.0029606777657393596
0.018248262406333263
0.013749010267560112
0.008724965835935947
0.020724139540976745
0.026542666038696303
0.0035749463338639736
0.02284695577028362
0.00545645266393504
0.010680738356040099
0.01306197991932884
0.01497306593302289
0.01688778808090886
0.014923719502508178
0.06449445679789488
0.001746055153141522
0.003505351040113472
0.030450738131393252
0.004429851965291698
0.0015066612936994594
0.01376687978008703
0.00693059078362245
0.04028569057312939
0.016189739980988656
0.04291552982045267
0.002855984362302738
0.05284594385272192
0.004504846281132331
0.016593569848035453
0.025743100816273498
0.026580464102084516
0.005639723701476494
0.0020471809659959473
0.007100502955767958
0.003956887800081544
0.027610853105473572
0.004879370802280527
0.0016589961564162953
0.003082015514996402
0.002279256708650807
0.0009500833608813133
0.009304105357534651
0.01687509710500965
0.01882116510820533
0.0011780862550243027
0.020678502215040563
0.016866222599026034
0.016469983303297922
0.026265798861930815
0.0020952985060894228
0.006073026534786002
0.0006539649692914239
0.015240278729281291
0.007040266428575138
0.021082759753942165
0.0033320921828414625
0.01200830843872973
0.02164828108857363
0.0090170742070139
0.016277520028604116
0.008546052784449209
0.018152270647948776
0.013817467271952625
0.006147797167814306
0.004325090706783938
0.01555808194224713
0.0027839128818794787
0.0158096377021664
0.011057531848598109
0.015227659591797817
0.015119899837602533
0.030271917651508416
0.004529798576132668
0.00301473906084711
0.03321604845787394
0.0022089389497549094
0.004149806422391245
0.0018611363038371913
0.02858055970235297
0.006176742232093729
0.004586057145057575
0.018648855289754365
0.004314687571935216
0.02744952772936864
0.008427641882808604
0.0098830393331088
0.028532906272267754
0.009065345369074749
0.028960131797658287
0.012328411831760009
0.0026682151195153783
0.009203968466790682
0.00969236221410628
0.0031676895720952705
0.019484607486535646
0.0028057875882959073
0.0007835270870398918
0.01601742774997499
0.006265775971815275
0.011219555675734594
0.012982675651245225
0.024756450633398822
0.005824638395146407
0.003982777540443684
0.011030163374811833
0.006686636419004718
0.004948480130779481
0.006122895665896601
0.016578789077968926
0.01103343325749618
0.004227251299292123
0.02832242718300126
0.0029820953360083333
0.0010529153659454094
0.054691168694543824
0.0038468440219351797
0.026470942299437628
0.013760451098442539
0.0018241850537668361
0.032372967744597435
0.004643606639436573
0.0206225357273631
0.009725204100338565
0.00865693238800924
0.011308373953908232
0.051224298407548476
0.019574154246699168
0.002100432970470099
0.004799372472304697
0.0024333064386929783
0.0008303394444950726
0.0057217800188871515
0.006876782321359485
0.01014261224784667
0.02129359751202092
0.009052917182368036
0.006716676016276596
0.010198240013846928
0.00910485669264731
0.0453449997078708
0.0019676200323092206
0.019042973610686492
0.0058190508706388476
0.006944700815660629
0.008806287253075433
0.002613600629277583
0.006434841408995088
0.001654784811422934
0.024671961948323193
0.00979677286980028
0.003153703359083091
0.009944390509372614
0.015059444741561361
0.0010894747384470117
0.0018125069326065221
0.03336735798883647
0.005923314635593053
0.018041381205630303
0.01109649221521702
0.005185499627086554
0.009329885606586168
0.0072002436239090774
0.0276001759016943
0.0010234590729616478
0.009411826254145826
0.010193264540623618
0.0037292794411546096
0.020338515912405198
0.021002219734494912
0.009487755995287105
0.0051774690790496935
0.04831432329355502
0.03704997323546955
0.016267548410076837
0.011618202471967825
0.0176199404054924
0.007355553898990319
0.0012228987274100847
0.013636156691167611
0.01575876473174879
0.014440298582814776
0.005147737727401592
0.002321770155278503
0.06492004778730388
0.005915155738364684
0.0024973085962193605
0.01044209831047029
0.01469376999462009
0.023746259949839487
0.031293583536807466
0.011298808710570967
0.012598485589860738
0.0012488958241654881
0.0022271118552816857
0.007550083104324676
0.03641588794230637
0.01190563744725682
0.00028118441223727494
0.02693084500913262
0.008610051501574298
0.017028139816247297
0.0052412544057939495
0.009101093946278711
0.00635864198998846
0.0018071158228689767
0.0011499935259815803
0.01973817572106169
0.0018043280298741032
0.010074347630043883
0.005363125066638977
0.011562832964653264
0.007662322991482365
0.0019859525389469158
0.01619146856271206
0.0027192418557833433
0.003982528763998325
0.00912102976327861
0.013763007840716655
0.01803160796673975
0.013898957024958693
0.0073621433425027
0.025809014356692292
0.014665736595167286
0.0068270145894007775
0.005845628649671104
0.03243620425292245
0.0014524924836687052
0.0016117243510007809
0.0020714361566687087
0.007677760299956069
0.015460670466333646
0.034469058990771746
0.008435570064741089
0.006968654934780246
0.011306269845705914
0.014368745432984074
0.019614479282406547
0.0016639212846880005
0.01634061705222609
0.008443282476215678
0.012050961992832534
0.011092797864888936
0.013322420150838624
0.04303014228215877
0.0116722964572206
0.03193019025497089
0.02229139293052362
0.00188108488390241
0.0011242521645192858
0.016368528833222207
0.004448912599652725
0.03373492524563751
0.0020737105677532466
0.003198852140972381
0.014828567676525945
0.004354144872313702
0.015138655780624495
0.015525320923986613
0.00608321934139231
0.013328015613417142
0.0036314525676554676
0.0029857849541461918
0.004281368405611153
0.0331824847418068
0.0006992768387184766
0.004310363331135728
0.006788535460050744
0.016951444429076538
0.0043790800593489845
0.004712855224760412
0.005456617281186709
0.026382546412430666
0.0029332383261434195
0.031373262413148396
0.009576762235484882
0.0026987507655590846
0.003004959992450858
0.0214082206103372
0.018892007597766727
0.0016861275542751966
0.02874362865459284
0.002104209450161703
0.03425244695723541
0.004257244540585521
0.008654178378482896
0.0005862224935944596
0.03981318899253737
0.005179818940413252
0.008060831087217748
0.005297577083787506
0.005102478134145048
0.034184714843661236
0.003050699751229165
0.014127833074104913
0.009061693325330888
0.020549226690644753
0.008117956593996433
0.014779657593576741
0.013548883933126563
0.0034200383047727364
0.0015044374757609876
0.0529725371143314
0.04060332019178299
0.008303775471663511
0.002059930670790389
0.052186738822658896
0.0018799623437049419
0.0070529829278206686
0.01831791219382559
0.002276211432903672
0.016018875189606666
0.0009106796101046412
0.02080372605450707
0.007983093018359104
0.008480085209939156
0.003448155005586811
0.004093527097542041
0.00215701087766313
0.01918016933205958
0.0019165517054200076
0.009926148884670204
0.0011661600386393793
0.0224980567695641
0.0012983994813243562
0.02125278402044875
0.007685023046842539
0.008157586687544897
0.009630890369574933
0.0028379246690382206
0.004848272905018892
0.010178827718693861
0.04113721283960499
0.012706710636433987
0.004136485548307022
0.021183002043306896
0.004291150966390451
0.005410438750501121
0.0030968255359872755
0.0476305927400514
0.0022212260189794627
0.0037806745225782735
0.005234742064689831
0.021457551174620306
0.019846284531780105
0.001453315578204809
0.01009032655612155
0.0014433418422283534
0.008621464460032731
0.0026072663360582585
0.007616360547932144
0.009548890061964509
0.0037304199656385865
0.006726072822710397
0.007597435662903674
0.0655697212239126
0.014904557266899864
0.018169044528040162
0.0032292078875616787
0.013545005963156678
0.005934880280692843
0.004810870427504827
0.0020458161177653233
0.00033338791469905205
0.02202881789808754
0.003894486946300197
0.0022441995139463747
0.03126180106526701
0.003978210328546328
0.02979197025966778
0.016612553944221987
0.019218336576613138
0.014139239326481043
0.0005590768965733813
0.02515045527857744
0.0056344843682763395
0.004163118149636664
0.013556949107041348
0.0007178143868191324
0.01635840332850552
0.019596951895842714
0.08048029519161476
0.0034996093117236953
0.03993813920733093
0.006259205126304156
0.006121386613814824
0.004347494947108927
0.017401583781172767
0.028754843824117565
0.0013821021620495481
0.00616272518288486
0.010598364610006154
0.025123177059215795
0.007003132770801634
0.05282750831994776
0.014717389493674637
0.005723003322683452
0.013302676294577058
0.03212487207858213
0.028314594259548055
0.0038679401995730927
0.003920733453040391
0.014287671044275184
0.010259541532624584
0.013411835870122924
0.014277372360741057
0.005890102356960182
0.0028019650636304273
0.016951057223362407
0.0030942263670398606
0.0017555703896999955
0.015592754300708842
0.013393047151175896
0.023760079624814807
0.004074378421528988
0.010870861957592843
0.011438117307759484
0.004834274115233108
0.03799389080649478
0.0053357146446067205
0.0013709052146392048
0.010699490684203264
0.026056479106425764
0.007026075627299135
0.000271082489466146
0.03178939969823575
0.000700215376594183
0.015673035255784454
0.03218306398014794
0.011365362016782916
0.00991972989162172
0.009195027703884565
0.024682188007334425
0.02834211940154393
0.011343896504155654
0.00952628371564979
0.0029581383113809335
0.006693732349607964
0.06541629524845426
0.02391406932955552
0.005240196734063427
0.006746446727616549
0.021612286011180003
0.008825910314497865
0.008514299083493581
0.003544062859326239
0.023653952117930078
0.005284729842671871
0.012128339239646669
0.014642339054690454
0.04825047972868152
0.008021788458582521
0.02360959568088973
0.006161177773422036
0.00015538743195081967
0.021425301051905887
0.0026319466723055238
0.011843608479175238
0.03425248721578586
0.00275435733093468
0.008959494626625281
0.004228756824346166
0.003451537432224508
0.020155340785424466
0.00151714109283339
0.0356419313295918
0.005140141881649929
0.01012743332423585
0.008134073769826559
0.007958530823806763
0.015329027435946363
0.008274965620284593
0.004408151576725148
0.0043472814763345176
0.023895173681187182
0.0010035755739460708
0.013073295412884586
0.024161953668733673
0.004218814213886036
0.00599406109817555
0.0048892536173090724
0.0011076660957431406
0.007759103672648187
0.006839753423350802
0.008416462887149813
0.005884054662981415
0.007964760870946773
0.0034506808888808394
0.016426417321281032
0.024924158573518044
0.01971577992231251
0.02116299560846928
0.025463722745357013
0.004886247930944173
0.008754461526630336
0.008465001253854375
0.009585402572140954
0.022592194752282163
0.021881977305856077
0.0027040610869484864
0.006111259921824058
0.0014792183405772264
0.0016956337991798631
0.004607209129565549
0.02388012830380672
0.008472433467079103
0.0005899239206692498
0.019068746974406393
0.0223539198760995
0.009880667982357242
0.02119552426424635
0.0075420681141832825
0.00972263942481513
0.011850681527229826
0.006375967575471709
0.03957543274999861
0.004786877055559547
0.0015715885371490154
0.011474023621784556
0.005260621414799919
0.012962760521131307
0.014247337101444988
0.002379569846987925
0.00854459779825442
0.002039320255008317
0.0016868188579828324
0.014171711323658307
0.008154340285167764
0.018451145206097787
0.00955063344844176
0.016884003192206377
0.008588786370523266
0.044165734111305144
0.023682908802101714
0.0015984544323152806
0.003502546911778874
0.017951786161771597
0.03206194011937113
0.017877408843309708
0.029347820502741765
0.004107445932617559
0.0014653400697980825
0.008288298830932
0.027935993621528068
0.00501754205518487
0.0022853936875990564
0.001025044040715388
0.023191332597711365
0.007504626719758408
0.019201084545539253
0.0083522984286714
0.020434610546512952
0.005767139058329062
0.005279326456226309
0.002558454180990869
0.0027641769940584815
0.009775484933089447
0.04322433947063665
0.0027704912944181035
0.010876103402957308
0.03772865481891529
0.014717114783848418
0.009285744333067484
0.008189286472185777
0.0015862205427517229
0.014581647499836304
0.05922144445518919
0.0052517571845324676
0.004475722408341375
0.026431191088988455
0.001485129135373566
0.026471352139941687
0.0021034241452648223
0.00338869895625797
0.009268583590034508
0.00642935725508663
0.014514157289022311
0.029667129352233694
0.01391561368000266
0.02612830735895202
0.0026986163754090754
0.0036939253670232176
0.006595791075510322
0.002066829731934141
0.005565345668916904
0.003375141973782961
0.009132054085907712
0.014246766839730222
0.030013338762077527
0.0017009043048470459
0.009668921961856447
0.03593556390046901
0.027435420521149556
0.0007835560708545867
0.024960480583646003
0.012695445787417136
0.00445626917341049
0.00579052690103339
0.004924942380258683
0.0008006024124792162
0.020050644674941165
0.014257155632752804
0.006622155310584403
0.016954209353976613
0.0043610566525433365
0.017737711044768265
0.017844255585735394
0.0017455756093333297
0.004013466508686099
0.014511868044431046
0.018130716942884942
0.03220830573213342
0.01980676693419565
0.0025568678765509165
0.0162549573426454
0.003746216798322454
0.0015791639238575221
0.008766863834793442
0.0376031676672909
0.003501965580648541
0.007396160584456796
0.0019841293116847317
0.012643713884412124
0.016099100899684547
0.011689714786410147
0.020272444730659853
0.007870136449419538
0.006177876761361438
0.011541524319854392
0.0027506946320800755
0.007430109741814205
0.00168350842170819
0.035335728749750335
0.004540733406943821
0.013862041435851818
0.01470873599162329
0.019372114906252787
0.0034840356874349184
0.002928161559022379
0.013946506161977092
0.010487080437132722
0.0036667791316583424
0.004961652446980038
0.002757502941503948
0.0004502791451093858
0.030224233631941773
0.005828223964173444
0.035780136785820205
0.005512493940447481
0.04713922483299858
0.009727808328800403
0.0045062157740142356
0.011647596516463332
0.035876901435035025
0.0034845699004619575
0.009258087006536015
0.012711453899285904
0.007767316007019276
0.008327969438240086
0.00526671883173886
0.0037565796871856225
0.005883389960121254
0.022437120838188513
0.005855747826245624
0.008106084681477081
0.004514534105533619
0.012944594738862381
0.009714066717989068
0.01558658615910248
0.005280040021752018
0.01659110140043843
0.0036921436092575695
0.002247206880404645
0.025203865208741297
0.010869269352361757
0.011868856757834226
0.01924970878894982
0.03781501755180614
0.015375980073857872
0.014959261305237925
0.006424488960693182
0.0035353061012379718
0.007006960096648708
0.004665340295489146
0.01990984801227041
0.021394028999228987
0.019697874091686256
0.0405023752174401
0.0014005779252431226
0.041635650814399676
0.014275163430022345
0.003976043758017956
0.020638143563508116
0.00577510719517829
0.005512154799054743
0.0395680044228688
0.005754534779243763
0.0030727501793312777
0.012488238374165671
0.03328607957516737
0.002370427521416277
0.008380619221131742
0.01116717088865636
0.0074547314654490205
0.03481485051372744
0.005188495668685974
0.002537086911778174
0.001835497506378697
0.006256942185494552
0.012793731845999808
0.02952388708185819
0.006490147688321479
0.021960358547731446
0.0291776568785758
0.003697919989181818
0.0056808289147388365
0.024172259525267886
0.013834675143466051
0.001466798031004449
0.013493221887674984
0.027549576882012396
0.023399396287821495
0.0007359990196832514
0.004610148831350818
0.011429284597861187
0.002253421529735975
0.00273516775924077
0.014514731461928334
0.009083379604222118
0.006038076972673531
0.005421563214478494
0.010387363112870737
0.009994898802352476
0.0015432010478583012
0.017428858348540327
0.07245184092520954
0.0027452639328961787
0.003860167482704121
0.014564750612329926
0.0026126433351065753
0.0017476374548783238
0.008526979276832165
0.006661560801308123
0.007351780068997107
0.0029067624661398006
0.002806671625421943
0.03807358162106354
0.0037094107278726695
0.002321770155278503
0.0014125753282143367
0.004553894335492959
0.0031955392369541103
0.01777344266779085
0.027719164640536406
0.008531554331959467
0.01974698697972133
0.018644692361115094
0.02546645576532519
0.018170254583470425
0.02948205462016515
0.01405150605883401
0.017548876875787867
0.018354907416950235
0.006186425750402986
0.02390234848101218
0.005153024872441592
0.005755289433041158
0.0015363770967514372
0.014630505877290013
0.008427716391524362
0.04004175970431176
0.008555416236116704
0.0009654114072450985
0.004779387022375984
0.0014995174546507967
0.007539891583839776
0.0066336502495784044
0.01474143249961265
0.011588575889542456
0.007763592501565832
0.011054413597058036
0.009264580046629582
0.010956600725926283
0.00465495735979296
0.03375355168085753
0.012019219860342127
0.031802967920726184
0.018911721028301333
0.002105392671847166
0.012429742072340906
0.004035919836015716
0.011981348619202846
0.007394389597941071
0.006468415261563999
0.01883900314280438
0.013561797985538183
0.0007561356562947634
1.3030651822489234e-05
0.009224994779320666
0.0037773637859030594
0.017728859595804478
0.03125197940152896
0.03519371556169605
0.00988178628407465
0.002100246855706182
0.023554069072502605
0.01658604786403091
0.006884380556062922
0.0031973645122099505
0.04282501617513561
0.008626776567792297
0.009039746223188516
0.017401140130821696
2.5648237391642753e-05
0.02331541872822052
0.008589311506222054
0.019893700927825317
0.014672387683619512
0.004797829509934427
0.025420232800252514
0.0014368778941674027
0.002748786610174437
0.009911247702928897
0.01947685749392566
0.006371491233503965
0.022740345709907735
0.0011909297238071252
0.021953834225791256
0.0009279202246654703
0.006003610399830522
0.0019719217503268
0.06084703764273703
0.01455084682781056
0.015162510895819494
0.007076354579341547
0.007711125146503082
0.007126470166394362
0.009336502060069416
0.007169379846471763
0.02471115300095224
0.012979671767754365
0.0006923921730581929
0.01013788573696038
0.005927769601201153
0.01439414016039911
0.016065280002491758
0.030134610901050306
0.0010918602160146001
0.007952866211718444
0.032763201454416316
0.015583427318968694
0.04119973200211818
0.018305949146778265
0.006223346374428202
0.015296446553935542
0.018357236778617277
0.03537013213498592
0.02884704785001284
0.009541548179874237
0.0024583870580984326
0.005753222676810405
0.013328249595108112
0.001369745168555214
0.0033993646762739372
0.0049246906687976846
0.006347020639850677
0.005477417547032096
0.021439934023844243
0.005517649369199195
0.03198748959830962
0.014628656228505196
0.016030116699009594
0.009957748212740262
0.023405214154353333
0.0025540301860505943
0.004068075923470727
0.019361789024320612
0.03121158544095953
0.008824000291343524
0.012478537885096
0.007975715947372326
0.011309872117587742
0.015136626481061613
0.012031658986460506
0.01014813391114222
0.0006701976003886734
0.03575496709600909
0.021965853304909286
0.0019067245239891516
0.0006816324416092606
0.0007334733367253809
0.021714645999105272
0.0022500233515072524
0.011178775577851179
0.015531444205849631
0.02558432708870307
0.01370349660173792
0.005761950019673767
0.006393480048457485
0.009157508677954016
0.022777662570233823
0.006633676337755409
0.007357899102773603
0.006635909677143434
0.009277211235997814
0.01090637929283738
0.0018799332844749573
0.014435622147212748
0.004616928739922465
0.0011517512183354442
0.005584108762635294
0.008177972726024557
0.0029592488152382006
0.018917460203032265
0.020591601050932412
0.017133144580956917
0.0025102258301345167
0.005566158603747925
0.0038305242315246537
0.013804712708623807
0.032861892799284455
0.0040930867100210195
0.0006944269897632415
0.022851935450276636
0.031273501008838
0.0032044198835598533
0.0041195384660946115
0.0043668680878864875
0.007763102216107274
0.038054563233161885
0.010856131745937758
0.0056268606882466515
0.009218214628615292
0.0009092735530150908
0.011486977097013967
0.016266524687908457
0.020244641967021464
0.0023335710869613886
0.03615322302293805
0.0032469066281602833
0.0021757373089104242
0.006125141398622819
0.00046020193009308575
0.017069531070786688
0.007399852254363064
0.01337565930234727
0.001371946871652264
0.001092127318628765
0.0010974644492028366
0.0004417176502019838
0.050549898612944025
0.013630993804605685
0.014121298911300883
0.003903110056759687
0.008319902815266535
0.00020125535650264756
0.035714277958967484
0.003115770056505574
0.04261382001657484
0.040155939217186534
0.0012943329093146926
0.003906634548051108
0.009357393040364377
0.016584964755297422
0.011175665552644182
0.005189264093092897
0.019255855784146403
0.009180584866912748
0.0019426859251226545
0.008175761961170683
0.03283378660921823
0.009100746376737431
0.01612486491374429
0.013343430573861094
0.015281624784159318
0.02108407984621843
0.018437463452544132
0.011813545101242301
0.0022493153143791906
0.012034001034871017
0.001196794377302329
0.005358296885395134
0.004318185830579498
0.006203870313553673
0.018976903905693933
0.002141172075713822
0.0019103968000268058
0.004902830312199278
0.012767690898095799
0.004820622113883569
0.015207136079979176
0.008834999121336354
0.003719427793962435
0.007467990689930978
0.009120202403890904
0.0011549726281230514
0.007954606632524952
0.009754433979597963
0.0011175649843887902
0.0037450303868078643
0.10188854999640368
0.00064418331335045
0.0033189437998337517
0.0025496970462687216
0.00251315401197155
0.04149445918271463
0.012698948788946904
0.0014744250989211793
0.007732309876994995
0.04472122163189636
0.0013231126381283444
0.007893480529994184
0.0034206994463803235
0.006035900193312338
0.006162163196907214
0.008847100551372696
0.001532417846972745
0.00317500917745253
0.010448313505129028
0.014177873616539136
0.007546676074452068
0.001845715511340269
0.009650761105930127
0.014396425898727437
0.009790616184517448
0.018092545593559568
0.003218987140158087
0.0004456057408346805
0.019653894743410234
0.0014504089073024608
0.028155741995179503
0.01320344761838313
0.004834075336570645
0.0013709052146392048
0.030858877045237237
0.018120370606575273
0.004110089905726142
0.044919252808729444
0.013017229017103138
0.006697525366996975
0.014922751680885693
0.01018625582573258
0.013021070293441616
0.0006570008949749351
0.0032165619458304207
0.00042300861306563645
0.002890733075860878
0.007990720811409701
0.0170558647978552
0.005219606071427375
0.05270983826815893
0.012617533245342122
0.009080943478366549
0.0020046967758152933
0.001814727985498963
0.011168497360260534
0.03165349576674021
0.0017913084388161016
0.03855451585417256
0.060576643466167014
0.019971320270915152
0.0013748777438695253
0.018623168816060378
0.012996285968910603
0.015010659266895975
0.029832657386885272
0.0033194457633495015
0.056120225826421066
0.0033089760077150746
0.04136840926315879
0.013933916376824755
0.02277076410604045
0.013079925755382126
0.01367150400574007
0.006666806206062065
0.0022382646245624922
0.011940320852721275
0.007543165564451894
0.01487210298659936
0.01081280210109361
0.02162931205585601
0.01906906541585434
0.015226413251144266
0.010412081426909109
0.0282354635803888
0.001196794377302329
0.011387901244368706
0.004828003033336679
0.03407360992292038
0.017510747968280525
0.024127866724595576
0.005485706881502606
0.009377664384206957
0.006262399820214004
0.0334696901813249
0.005941995057111729
0.007819859743685698
0.028617915148652574
0.008952026671840045
0.004638773842464204
0.019106845568121603
0.005738729707474405
0.011389441140466791
0.014903412695087112
0.029942862804002643
0.006953007413703756
0.001841673610706254
0.014709456759289809
0.003906815578797017
0.0054763669791272306
0.03248884614399793
0.01070105708406407
0.006355003804717656
0.018219166638848046
0.008480090215133391
0.001663518067013877
0.012645256678643154
0.00866114412631446
0.015336983101902665
0.02090602336026028
0.021237144682625674
0.02266792759395818
0.0018204339611428183
0.006230045681842527
0.01734302333577062
0.007189029276200958
0.025840407484896223
0.003190702983192285
0.00264022280101753
0.01221646678111574
0.035805236151767214
0.016160848138334946
0.010704030624305399
0.005583774217045124
0.011027922026510813
0.020075204780221453
0.0009681191664822688
0.010182267956468122
0.0014609116172555137
0.00463094766013331
0.002001081570472961
0.009830293757827317
0.002476099729542894
0.019903482668269436
0.007097368145231813
0.013999981442160523
0.057692463778649054
0.009989255856457324
0.0030653614191687144
0.002719623682095756
0.0023997313565876123
0.007938021249118304
0.009297859555120093
0.002704128456518341
0.016840578864999824
0.006817950620651615
0.005904483368770294
0.0064626471216085715
0.04166349020079715
0.006850117071882854
0.0033955705656886154
0.008377680589435763
0.05211736619948592
0.024256427547114226
0.022360253352028844
0.04735662305627085
0.013226374377937831
0.003212892002331726
0.022920022165204352
0.0014457149105513375
0.0044889921587965035
0.01563390522724988
0.009432698224100594
0.0010154939223389933
0.013344805451958017
0.0015984544323152806
0.016625763219549027
0.008455736556589235
0.012941140779929104
0.0016186381519110718
0.06224100699408834
0.016729347146535962
0.034660563678931895
0.004098681145608443
0.013098421030443381
0.02914307356763228
0.01485863343771029
0.0017125543170106743
0.003501393420805682
0.0033901367700661785
0.010570396892830361
0.020378778863220634
0.019559126770068075
0.0293275676512113
0.051220916683770955
0.00986556757179165
0.0017578137029360388
0.0023072610945682193
0.004803053380450583
0.008187729500945247
0.0011515807362378026
0.016478426470324537
0.017163171522170128
0.010884113186946376
0.015856013269005157
0.012744394243881975
0.009957505389024509
0.011714986225518443
0.0025810358747987714
0.014703101976956701
0.003540607439651755
0.032221087586148923
0.00352610199655462
0.008465937927732618
0.026833493580079835
0.004197320020121724
0.031954335286176444
0.00322106652496893
0.0020804394563481723
0.0055783793913014865
0.008873614451349215
0.011294402582928555
0.016756190776639576
0.00845683565670121
0.029386335389658253
0.04174040730379976
0.005244854151957426
0.02704937932304328
0.0008402291385484597
0.012735294671506614
0.0007334733367253809
0.004893492866743577
0.0025656280924789476
0.00039896104851386017
0.021026090270460124
0.0315772707235247
0.0026524897150898025
0.0019426859251226545
0.02488292652035163
0.015171437112036237
0.0038126857124023664
0.01574572861912613
0.008396277576186098
0.02250598830207445
0.003270491301606573
0.005495922590686181
0.030208167556412632
0.003815412361097298
0.005422657042576262
0.010238294203866316
0.006921385096632766
0.0022969854806241317
0.002486839360091362
0.002001081570472961
0.018552902318925014
0.003709472931957882
0.004250051742186978
0.0024629151676109073
0.0041759176637811545
0.047568958925743504
0.022013845524566394
0.02393489373465539
0.005302468108477477
0.002856806630424508
0.04760373923483267
0.004852847189503725
0.0014332572907585018
0.043353779488597165
0.01242550816164036
0.010258574026039802
0.004489924529998901
0.004802054633010735
0.015169919546989308
0.01033589407880248
0.01419201857323959
0.013447211072371389
0.0044103204400603975
0.0022794661007051104
0.003876386154015918
0.006332073231833114
0.0018681539545102965
0.03117291777731912
0.0009367429451412437
0.01415566212673392
0.021402733691384512
0.011654146928463411
0.020564776014841246
0.008709335419533717
0.003184550617469707
0.015853376585404932
0.010498651756760301
0.020591421299960985
0.004926353836388941
0.06262372281824759
0.0012419039992999296
0.039638511068981565
0.005755341351705001
0.035781089951820326
0.03036122554831271
0.012901017581379402
0.007936092893934486
0.02074576798021979
0.04967918130180772
0.00408955181264269
0.015032058614556367
0.013993625132428775
0.017907219954963912
0.015887050561754337
0.008678929685194361
0.02409057152726896
0.01055379712963166
0.008201473799151992
0.007059784986326646
0.0014948341683001817
0.002606351397551418
0.013753610199869266
0.00813939934792672
0.017661438550829498
0.013233078735733093
0.004155871187490422
0.0238455383895549
0.0016613631102729322
0.0009244753054410375
0.07583826663367715
0.005691463237798183
0.054774000228776494
0.0070662098937485434
0.05309595093589337
0.02991287350874249
0.0209326013602306
0.028091207311942704
0.019361584653351895
0.005481670180781082
0.005160956403645064
0.004564320067400591
0.010760185880648795
0.006773868488978024
0.0037738562904068
0.0015650617065374951
0.003379817960841622
0.013048589819103305
0.012054484188102127
0.012568049426370635
0.013728716786214363
0.024795125997894032
0.009665301119643867
0.010859547663878349
0.010273681093305004
0.008592566403677953
0.023767221007989767
0.006223346374428202
0.014492451141826537
0.00679060824415291
0.026218138792659357
0.01974269472812401
0.04003887809967941
0.00497632470553229
0.005813360668476716
0.022154085137684104
0.004992891419064078
0.0108306210820425
0.016059722411361214
0.0036592930083902443
0.00046777503844110016
0.0108067866125072
0.008309982779530777
0.029667676622760063
0.0028865022264846175
0.0020838761517796974
0.003008803609390893
0.010972485316291813
0.005580129455333476
0.002779351040384352
0.0010551587891550304
0.010185835194076624
0.022179373333024804
0.014930642312001374
0.0035641772826631836
0.008091775234449455
0.011392120940187402
0.003744020491144641
0.013460941921309852
0.009043396138350264
0.026143266060860836
0.03199929436995374
0.00984369408678591
0.0033716041140157377
0.004513305666702895
0.03716577170947168
0.026366889111099526
0.008744769365300512
0.00821511129859453
0.03622027850975399
0.004870535945182472
0.025784927609747897
0.0015071408774404924
0.002440634533844347
0.01868086729501431
0.008695859562258502
0.0016435513991066072
0.021329765589856713
0.00039896104851386017
0.0008925064601994714
0.029404836781258565
0.013659924947789026
0.018918155726143096
0.005697922525297338
0.004916134953265123
0.013308754761985397
0.015612956497531003
0.02209722445722019
0.0018279889898239934
0.011960426057379158
0.05300988479515461
0.00701076952058854
0.0025865768149115898
0.02466733825347148
0.013203217391397069
0.0008963834686572379
0.016407505135093876
0.03979119303344307
0.008905285496828319
0.011396992483498222
0.0044648894441938715
0.002938674585756837
0.008978944270471367
0.004982036834483607
0.019368079128871292
0.03811367097337002
0.019156004699241783
0.04003648217938786
0.028156255882571934
0.0006283089123562687
0.002232874741232458
0.007682681010092702
0.0016902723375233906
0.0012955226630321213
0.007542818648845029
0.019953007882652925
0.0016322142721644855
0.01072994355020893
0.00612692434995018
0.0010445192305349395
0.01658014745485218
0.010048401672893514
0.0027405810511154168
0.00028125071689225273
0.021525062124611628
0.003705871896137023
0.010790998147792755
0.02550165701832564
0.012791375337096884
0.006449665417246164
0.001440647177844792
0.0037946320736518924
0.006836707739839215
0.004653209224368873
0.035106444601251625
0.024026070334046155
0.035282005571666455
0.002810390918821742
0.0165326335750819
0.03453376326533227
0.007832103178766526
0.002645586087808889
0.005524692287048999
0.025041903078249647
0.001672732988842421
0.006843410032131772
0.0015391608537341905
0.006886608143945433
0.00621480438851873
0.021206727276285867
0.0029715426114376394
0.022739143837886132
0.005136364294575791
0.0014094199267320109
0.0010145501904683784
0.002354781841603033
0.0031723430110192643
0.009330806160643976
0.01420105378406532
0.03097618109742548
0.007922715043268946
0.007020743342560967
0.01638593365918726
0.041186092596628275
0.0016639212846880005
0.004137500151694173
0.030042054987169307
0.00459028804243414
0.031247262574358545
0.004348492475083904
0.009194434953177578
0.026716356022594766
0.007313486714736719
0.016381170257589957
0.00010506462038911737
0.002384235760655246
0.008805690347604178
0.020560817027306926
0.0055091645239983104
0.010787868540028032
0.024070094091574862
0.004194679622810101
0.006315306853170059
0.012492246315961896
0.02469772185508382
0.01096023692810086
0.009643612310604212
0.01302595410799388
0.008222938459499108
0.003184755208992688
0.01946973839137926
0.003905418532367022
0.0013901715354100819
0.004505193767426649
0.008081052173661656
0.005903835067341931
0.026816570556112626
0.01149554284772712
0.007413657349482437
0.008056165164402556
0.0009371559524694382
0.02008263517308376
0.016671959180489908
0.013108209522564428
0.007340975090440479
0.0013471521170264006
0.014584065825049482
0.01670140800527616
0.005659042459948736
0.00753106099745022
0.029367277484639815
0.01773624346243465
0.005813360668476716
0.01004888569060997
0.009121490230348243
0.020378755370859467
0.01803250184487606
0.002477185794892989
0.0011985555280836582
0.00579622058492104
0.010577024814614687
0.0020624014502399956
0.003414975239699959
0.0071291251676217715
0.002379895924002307
0.02082512187329741
0.016691201166253045
0.020106963489907505
0.01985128627599203
0.010223557395052325
0.041597592177723554
0.011435701102708412
0.004380501055540195
0.0013996223274604788
0.021499810548338733
0.02462756010694603
0.0007240474392283183
0.027241603201798987
0.02726980916828247
0.003425404252893422
0.022849779575267938
0.008364094275324828
0.024297067657945016
0.001149332498680316
0.037860875090698666
0.010158494610261
0.06176459690749476
0.0012670099360142593
0.01413765781749706
0.00342370038444371
0.0022240468993596986
0.010669491808590555
0.01277611765686826
0.007927173449050445
0.04476109340880845
0.002361505379450367
0.01575644947228818
0.02039419399973387
0.0023519353189196492
0.005002936806763376
0.012380007043861227
0.0013160091803951347
0.0010941644498478646
0.01146310355506711
0.0010298856067358106
0.025115977146648524
0.015338378647312089
0.021628607167509303
0.015324005170067375
0.0007404506836993587
0.006628563193471169
0.009590656826143155
0.02233039847142813
0.012873105044404308
0.0028679481927687094
0.010258326822243573
0.011297809259220642
0.0392527081483387
0.008450794641693592
0.01091468299619633
0.011071880730159293
0.008547915753231976
0.005210496417646836
0.00039601083536185496
0.023163433523022508
0.013020695400242675
0.006694656064984146
0.009300952371478424
0.009802610114827654
0.02914785331516608
0.03531691580983521
0.011303014547623948
0.010770625712728138
0.006763403067951068
0.019513047182144753
0.01078798399962466
0.034885385857557225
0.0016699181344183973
0.002643257565650226
0.010189433490244138
0.008727121893412211
0.00981438594851378
0.0032170674338289715
0.011903397999993206
0.0045944518218844
0.02420486262083028
0.002738446606970278
0.05561723710554091
0.004539625333412501
0.008116937595723274
0.00765424768787153
0.012289640098847926
0.02392939410058579
0.01165944089502467
0.00274279694769634
0.017881069998065276
0.008537966758739763
0.00017284000442805236
0.03705058866025262
0.009410330911959778
0.010059837196339958
0.010162567718173723
0.005712535266722684
0.01601587410168346
0.014354234315204044
0.019300618937809044
0.002939038962347723
0.007149935274555693
0.004709974084037718
0.02531835156153174
0.012493788783150704
0.006002293395282966
0.00403462090105208
0.009440931377990456
0.021348631614214644
0.007513880827303677
0.0025914870298972196
0.006335045292206734
0.010384617731391816
0.005503454497331841
0.020045909329638307
0.02232024193623417
0.013148740752733078
0.020797945058468617
0.02828643955857377
0.012384810941372703
0.009633535571457285
0.015871527137625203
0.047007146510056275
0.04765141883519402
0.02001402730514271
0.012870364145888902
0.06465071099416127
0.010590124326822731
0.0032181925345203446
0.015773858587040845
0.00853956922547434
0.00890050135458399
0.013220798186095832
0.024297257525092434
0.0462225271814203
0.009866521441685702
0.009951307898508278
0.013355906236202395
0.002347075829147654
0.013427617679206234
0.011553876552557947
0.014444842605068474
0.009523736017847161
0.002374138673514124
0.04066016445343558
0.004082917406833139
0.02625817488845722
0.003425735596540345
0.052897366939828064
0.0342937198986587
0.006278280604796393
0.001738674518437596
0.004448382518307674
0.0034806651148222376
0.024926641679192854
0.013953090441452074
0.03922361040392323
0.008568439644959574
0.010527652945425486
0.03789648024560398
0.030724037917831973
0.046038402358328984
0.034222215674599814
0.012026372549888394
0.005576535334754038
0.001471939722888735
0.004975035276647911
0.04352258943591022
0.013899280927080203
0.020263472599661044
0.002498919258066855
0.0067162825979312024
0.013975845644589056
0.006342770078494442
0.04522096764475858
0.015518130044621397
0.00412784517944729
0.002889669832414735
0.026024140024706953
0.01209670396696507
0.0032321647328900594
0.005602490221146994
0.001127640627828452
0.005203103042817409
0.015138109192282362
0.0030968845913588107
0.0038918828343130155
0.010460869427490239
0.008984481351340778
0.01997640886428338
0.006102897769082465
0.017865401050773
0.011377778012019201
0.006274303534357409
0.0024678952850140123
0.007968196015043744
0.0012458320638603138
0.013148772254819712
0.0019719217503268
0.003939244675182619
0.004546464734701343
0.04817546764033934
0.016150247749290084
0.0015635725314553648
0.0006970276066006889
0.010772837819571392
0.009241538246699786
0.016816453299889948
0.0018383329841613384
0.06112931698504366
0.015889870161216343
0.0005433684239999828
0.012805563322872185
0.0020458161177653233
0.011893861312164621
0.007120970841999376
0.015347094648437521
0.008418608454577134
0.011258433467934184
0.02014792738633021
0.010474697539916493
0.014582235870542777
0.008893560846175952
0.008692767997581535
0.013494364312877394
0.01166320858173399
0.017726108587749426
0.020162114608261904
0.006934502233545834
0.007182203661606565
0.011158094788206658
0.008607864572363176
0.008802249160685229
0.0007413371573616357
0.009470035223300447
0.0012099219194201638
0.0007676542819893365
0.014652410072781324
0.009731655616722606
0.0017473859972814121
0.008628612222008518
0.037295475648351006
0.008747957114055202
0.0033580323738408623
0.01424241245622239
0.002689436384082766
0.0019735349672872046
0.015641273059181927
0.011249000706029544
0.003986353855118154
0.00875625000565964
0.00568153151197937
0.007376960784172201
0.006450622479994908
0.04126126243216092
0.004423385389078507
0.0016092963554721897
0.008264468227786731
0.012143971160264949
0.0019309834088273514
0.008451703378025553
0.014239341150559701
0.003115919295761097
0.0024740203506651353
0.005623615145276392
0.013659997100240595
0.024356921570176666
0.011864886692859821
0.002509381784051702
0.0035949202671102104
0.019582043112257884
0.0014086576182129964
0.043772771114530776
0.016220985778586026
0.0028739470626769027
0.01942903514391204
0.005660212737012152
0.0039024852374460036
0.008471320783545525
0.018259504741859636
0.011886016688632723
0.017583559813668218
0.0013151467019173406
0.011559985985424638
0.008708368546630025
0.02957049223088208
0.007067741103878985
0.015588635266690229
0.012182467968547533
0.0053637568812962685
0.0036612997920327764
0.01256858080099647
0.05113521608751757
0.003491871632987962
0.0033846256058984972
0.013262654095887573
0.010792543622301887
0.004326385191453261
0.008008514768337797
0.00521824604017403
0.012790748521458504
0.010186873539342495
0.0044425258836071025
0.005905233856872096
0.003560573896812928
0.0018291274331692828
0.004795602967311384
0.008626596293201554
0.00898662647376776
0.007386721798851214
0.00964599976936752
0.0016716781710484504
0.015338838649213564
0.0058802469323570835
0.02493494061836883
0.004946209173514424
0.00451879329487633
0.0163659517014148
0.0005412261292908096
0.025034694515935214
0.011968335164735862
0.0008668526716380265
0.005954176388555899
0.008296074534347534
0.013879078451006555
0.00455763639707994
0.009764858379701808
0.01732634044657854
0.03232695850885741
0.01308401837623756
0.0036734617020797253
0.018381284981110597
0.02044370215663931
0.004219049374523922
0.007253344372297436
0.0010743383506727213
0.0061069161197605665
0.015151644134547877
0.0012222328469542487
0.009427073998914239
0.003399436142091008
0.010983642334213452
0.0019463181154606895
0.01437180955543897
0.007179505755737478
0.03051421462084112
0.009701748512224677
0.012663875012321607
0.023754523899145275
0.022558949607934337
0.03006606755805484
0.026527524845417264
0.006480171572908265
0.0025964998540254814
0.013654050573999045
0.015226753384463694
0.034939161705805646
0.007991894086549748
0.007428658745826149
0.0156804976990209
0.01685923853215843
0.006306819861770598
0.03425061643933084
0.013038372892739241
0.0016584073561351212
0.03841831880677134
0.050243097694843794
0.008572051795097563
0.0858152161705289
0.032945720026176704
0.0019048309246343738
0.0244464984458205
0.0034801846215472606
0.014035712290305724
0.003175426120608625
0.0013878130722759718
0.012968104076541743
0.009106709883148134
0.05110323579900995
0.013567060917848763
0.009659213372747775
0.028466554654404952
0.027387266282145228
0.010304970712882342
0.0038280510074917827
0.004131377969125034
0.0070778559036482214
0.004544001949222647
0.009692577512064015
0.008524853490524738
0.0020948032833559577
0.001780605413925127
0.012414211232085432
0.005906476340866955
0.03552632531594701
0.005954795340090534
0.006334495629213982
0.007430548376380499
0.002158309586182867
0.0037307241363339766
0.003344290549332485
0.0031347041286010784
0.037764055746792875
0.002555556785873553
0.010166297535469404
0.008165138397379396
0.003347031246684791
0.015692364802888024
0.04737025113868096
0.005492310168860255
0.019132147918358017
0.006763819613473359
0.006268171440032042
0.009135640346492486
0.003710044412088305
0.021113553213151844
0.011442827364787387
0.013413705873526374
0.011687543372452156
